Country,ISO_Code,Level,GDLCODE,Region,"1991","1992","1993","1994","1995","1996","1997","1998","1999","2000","2001","2002","2003","2004","2005","2006","2007","2008","2009","2010","2011","2012","2013","2014","2015","2016","2017","2018"
"Afghanistan","AFG","Subnat","AFGr101","Central (Kabul Wardak Kapisa Logar Parwan Panjsher)",,,,,,,,,,,,,,,,,,,,47.9,,,,,52.5,,,
"Afghanistan","AFG","Subnat","AFGr102","Central Highlands (Bamyan Daikundi)",,,,,,,,,,,,,,,,,,,,2.60,,,,,4.93,,,
"Afghanistan","AFG","Subnat","AFGr103","East (Nangarhar Kunar Laghman Nooristan)",,,,,,,,,,,,,,,,,,,,7.22,,,,,14.6,,,
"Afghanistan","AFG","Subnat","AFGr104","North (Samangan Sar-e-Pul Balkh Jawzjan Faryab)",,,,,,,,,,,,,,,,,,,,16.0,,,,,20.5,,,
"Afghanistan","AFG","Subnat","AFGr105","North East (Baghlan Takhar Badakhshan Kunduz)",,,,,,,,,,,,,,,,,,,,19.6,,,,,19.7,,,
"Afghanistan","AFG","Subnat","AFGr106","South (Uruzgan Helmand Zabul Nimroz Kandahar)",,,,,,,,,,,,,,,,,,,,11.7,,,,,33.7,,,
"Afghanistan","AFG","Subnat","AFGr107","South East (Ghazni Paktya Paktika Khost)",,,,,,,,,,,,,,,,,,,,1.49,,,,,3.28,,,
"Afghanistan","AFG","Subnat","AFGr108","West (Ghor Herat Badghis Farah)",,,,,,,,,,,,,,,,,,,,15.1,,,,,14.0,,,
"Albania","ALB","Subnat","ALBr201"," Berat",,,,,,,,,,,,,,,38.2,,,,35.2,,,,,,,,46.1,
"Albania","ALB","Subnat","ALBr202"," Diber",,,,,,,,,,,,,,,17.8,,,,18.9,,,,,,,,23.8,
"Albania","ALB","Subnat","ALBr203"," Durres",,,,,,,,,,,,,,,53.3,,,,52.8,,,,,,,,84.1,
"Albania","ALB","Subnat","ALBr204"," Elbasan",,,,,,,,,,,,,,,34.3,,,,34.4,,,,,,,,40.7,
"Albania","ALB","Subnat","ALBr205"," Fier",,,,,,,,,,,,,,,30.9,,,,30.8,,,,,,,,42.4,
"Albania","ALB","Subnat","ALBr206"," Gjirokaster",,,,,,,,,,,,,,,31.3,,,,43.5,,,,,,,,52.1,
"Albania","ALB","Subnat","ALBr207"," Korce",,,,,,,,,,,,,,,36.8,,,,40.9,,,,,,,,41.6,
"Albania","ALB","Subnat","ALBr208"," Kukes",,,,,,,,,,,,,,,19.1,,,,28.5,,,,,,,,35.1,
"Albania","ALB","Subnat","ALBr209"," Lezhe",,,,,,,,,,,,,,,31.0,,,,39.9,,,,,,,,62.2,
"Albania","ALB","Subnat","ALBr210"," Shkoder",,,,,,,,,,,,,,,35.1,,,,39.5,,,,,,,,49.9,
"Albania","ALB","Subnat","ALBr211"," Tirana",,,,,,,,,,,,,,,61.2,,,,68.9,,,,,,,,77.6,
"Albania","ALB","Subnat","ALBr212"," Vlore",,,,,,,,,,,,,,,52.2,,,,47.3,,,,,,,,70.7,
"Algeria","DZA","Subnat","DZAr104","Hauts Plateaux Centre (Djelfa, Laghouat, MSila)",,,,,,,,,,,,57.4,,,,,,,,,,,62.9,,,,,
"Algeria","DZA","Subnat","DZAr105","Hauts Plateaux Est (Setif, Batna, Khenchela, Bordj Bou Arreridj, Oum El Bouaghi, Tebessa)",,,,,,,,,,,,56.0,,,,,,,,,,,59.3,,,,,
"Algeria","DZA","Subnat","DZAr106","Hauts Plateaux Ouest (Tiaret, Saida, Tissemsilt, Naama, El Bayadh)",,,,,,,,,,,,58.7,,,,,,,,,,,64.1,,,,,
"Algeria","DZA","Subnat","DZAr101","Nord Centre (Alger, Blida, Boumerdes, Tipaza, Bouira, Medea, Tizi-Ouzou, Bejaia, Chlef, Ain Defla)",,,,,,,,,,,,59.5,,,,,,,,,,,61.3,,,,,
"Algeria","DZA","Subnat","DZAr102","Nord Est (Annaba, Constantine, Skikda, Jijel, Mila, Souk Ahras, El Tarf, Guelma)",,,,,,,,,,,,56.4,,,,,,,,,,,65.4,,,,,
"Algeria","DZA","Subnat","DZAr103","Nord Ouest (Oran, Tlemcen, Mostaganem, Ain Temouchent, Relizane, Sidi Bel Abbes, Mascara)",,,,,,,,,,,,55.8,,,,,,,,,,,66.7,,,,,
"Algeria","DZA","Subnat","DZAr107","Sud (Bechar, Tindouf, Adrar, Ghardaia, Biskra, El Oued, Ouargla, Tamanrasset,Illizi)",,,,,,,,,,,,63.0,,,,,,,,,,,69.9,,,,,
"Angola","AGO","Subnat","AGOr218"," Bengo",,,,,,,,,,,,,,,,,,,,,5.02,,,,,42.4,,
"Angola","AGO","Subnat","AGOr209"," Benguela",,,,,,,,,,,,,,,,,,,,,52.2,,,,,65.8,,
"Angola","AGO","Subnat","AGOr211"," Bie",,,,,,,,,,,,,,,,,,,,,0.00,,,,,43.0,,
"Angola","AGO","Subnat","AGOr201"," Cabinda",,,,,,,,,,,,,,,,,,,,,67.3,,,,,81.8,,
"Angola","AGO","Subnat","AGOr216"," Cunene",,,,,,,,,,,,,,,,,,,,,18.7,,,,,23.4,,
"Angola","AGO","Subnat","AGOr210"," Huambo",,,,,,,,,,,,,,,,,,,,,16.9,,,,,46.9,,
"Angola","AGO","Subnat","AGOr215"," Huila",,,,,,,,,,,,,,,,,,,,,31.6,,,,,34.4,,
"Angola","AGO","Subnat","AGOr213"," Kuando Kubango",,,,,,,,,,,,,,,,,,,,,0.00,,,,,55.1,,
"Angola","AGO","Subnat","AGOr205"," Kuanza Norte",,,,,,,,,,,,,,,,,,,,,30.5,,,,,56.8,,
"Angola","AGO","Subnat","AGOr206"," Kuanza Sul",,,,,,,,,,,,,,,,,,,,,5.48,,,,,36.3,,
"Angola","AGO","Subnat","AGOr204"," Luanda",,,,,,,,,,,,,,,,,,,,,97.1,,,,,96.6,,
"Angola","AGO","Subnat","AGOr208"," Lunda Norte",,,,,,,,,,,,,,,,,,,,,0.00,,,,,65.1,,
"Angola","AGO","Subnat","AGOr217"," Lunda Sul",,,,,,,,,,,,,,,,,,,,,0.00,,,,,75.4,,
"Angola","AGO","Subnat","AGOr207"," Malange",,,,,,,,,,,,,,,,,,,,,7.58,,,,,51.9,,
"Angola","AGO","Subnat","AGOr212"," Moxico",,,,,,,,,,,,,,,,,,,,,0.00,,,,,50.1,,
"Angola","AGO","Subnat","AGOr214"," Namibe",,,,,,,,,,,,,,,,,,,,,51.3,,,,,65.6,,
"Angola","AGO","Subnat","AGOr203"," Uige",,,,,,,,,,,,,,,,,,,,,26.3,,,,,35.3,,
"Angola","AGO","Subnat","AGOr202"," Zaire",,,,,,,,,,,,,,,,,,,,,0.00,,,,,73.2,,
"Argentina","ARG","Subnat","ARGr103","Catamarca, La Rioja, San Juan",,,,,,,,,,,,,,,,,,,,,100,,,,,,,
"Argentina","ARG","Subnat","ARGr106","Chaco, Formosa",,,,,,,,,,,,,,,,,,,,,100,,,,,,,
"Argentina","ARG","Subnat","ARGr107","Chubut, Neuquen, Rio Negro, Santa Cruz, Tierra del Fuego",,,,,,,,,,,,,,,,,,,,,100,,,,,,,
"Argentina","ARG","Subnat","ARGr101","City of Buenos Aires",,,,,,,,,,,,,,,,,,,,,100,,,,,,,
"Argentina","ARG","Subnat","ARGr104","Cordoba",,,,,,,,,,,,,,,,,,,,,100,,,,,,,
"Argentina","ARG","Subnat","ARGr105","Corrientes, Entre Rios, Misiones",,,,,,,,,,,,,,,,,,,,,100,,,,,,,
"Argentina","ARG","Subnat","ARGr108","Jujuy, Salta",,,,,,,,,,,,,,,,,,,,,100,,,,,,,
"Argentina","ARG","Subnat","ARGr109","La Pampa, San Luis, Mendoza",,,,,,,,,,,,,,,,,,,,,100,,,,,,,
"Argentina","ARG","Subnat","ARGr102","Rest of Buenos Aires",,,,,,,,,,,,,,,,,,,,,100,,,,,,,
"Argentina","ARG","Subnat","ARGr110","Santa Fe",,,,,,,,,,,,,,,,,,,,,100,,,,,,,
"Argentina","ARG","Subnat","ARGr111","Santiago del Estero, Tucuman",,,,,,,,,,,,,,,,,,,,,100,,,,,,,
"Armenia","ARM","Subnat","ARMr101","Aragatsotn",,,,,,,,,,23.6,,,,,,,,,,19.3,,,,,,21.1,,
"Armenia","ARM","Subnat","ARMr102","Ararat",,,,,,,,,,18.9,,,,,,,,,,25.8,,,,,,27.2,,
"Armenia","ARM","Subnat","ARMr103","Armavir",,,,,,,,,,26.0,,,,,,,,,,34.3,,,,,,32.3,,
"Armenia","ARM","Subnat","ARMr104","Gegharkunik",,,,,,,,,,26.2,,,,,,,,,,30.9,,,,,,35.5,,
"Armenia","ARM","Subnat","ARMr106","Kotayk",,,,,,,,,,51.5,,,,,,,,,,53.3,,,,,,50.8,,
"Armenia","ARM","Subnat","ARMr105","Lori",,,,,,,,,,51.6,,,,,,,,,,55.0,,,,,,56.4,,
"Armenia","ARM","Subnat","ARMr107","Shirak",,,,,,,,,,66.0,,,,,,,,,,54.5,,,,,,51.2,,
"Armenia","ARM","Subnat","ARMr108","Syunik",,,,,,,,,,64.0,,,,,,,,,,62.4,,,,,,59.7,,
"Armenia","ARM","Subnat","ARMr110","Tavush",,,,,,,,,,28.4,,,,,,,,,,30.6,,,,,,35.4,,
"Armenia","ARM","Subnat","ARMr109","Vayots Dzor",,,,,,,,,,31.2,,,,,,,,,,28.4,,,,,,34.0,,
"Armenia","ARM","Subnat","ARMr111","Yerevan",,,,,,,,,,100,,,,,,,,,,100,,,,,,100,,
"Azerbaijan","AZE","Subnat","AZEr102","Absheron",,,,,,,,,,,,,,,,95.1,,,,,,,,,,,,
"Azerbaijan","AZE","Subnat","AZEr107","Aran",,,,,,,,,,,,,,,,32.1,,,,,,,,,,,,
"Azerbaijan","AZE","Subnat","AZEr101","Baku",,,,,,,,,,,,,,,,100,,,,,,,,,,,,
"Azerbaijan","AZE","Subnat","AZEr109","Dakhlik Shirvan",,,,,,,,,,,,,,,,23.5,,,,,,,,,,,,
"Azerbaijan","AZE","Subnat","AZEr103","Ganja Gazakh",,,,,,,,,,,,,,,,43.1,,,,,,,,,,,,
"Azerbaijan","AZE","Subnat","AZEr106","Guba Khachmaz",,,,,,,,,,,,,,,,34.2,,,,,,,,,,,,
"Azerbaijan","AZE","Subnat","AZEr105","Lankaran",,,,,,,,,,,,,,,,20.6,,,,,,,,,,,,
"Azerbaijan","AZE","Subnat","AZEr104","Shaki Zaqatala",,,,,,,,,,,,,,,,24.5,,,,,,,,,,,,
"Azerbaijan","AZE","Subnat","AZEr108","Yukhari Karabakh",,,,,,,,,,,,,,,,10.4,,,,,,,,,,,,
"Bangladesh","BGD","Subnat","BGDr214"," Bagerhat, Khulna, Satkhira",,,,,,14.4,,,,,,,,31.3,,,,,,,28.0,,,24.3,,,,
"Bangladesh","BGD","Subnat","BGDr204"," Bandarban, Cox s Bazar",,,,,,0.00,,,,,,,,0.00,,,,,,,9.42,,,40.3,,,,
"Bangladesh","BGD","Subnat","BGDr202"," Barguna, Bhola, Patuakhali",,,,,,4.31,,,,,,,,17.7,,,,,,,15.1,,,18.1,,,,
"Bangladesh","BGD","Subnat","BGDr201"," Barisal, Jhalokati, Pirojpur",,,,,,10.3,,,,,,,,22.1,,,,,,,26.6,,,42.4,,,,
"Bangladesh","BGD","Subnat","BGDr219"," Bogra, Gaibandha, Jaypurhat",,,,,,3.87,,,,,,,,9.56,,,,,,,13.3,,,20.6,,,,
"Bangladesh","BGD","Subnat","BGDr207"," Brahmanbaria, Chandpur, Comilla",,,,,,5.35,,,,,,,,14.9,,,,,,,16.2,,,15.4,,,,
"Bangladesh","BGD","Subnat","BGDr203"," Chittagong",,,,,,27.2,,,,,,,,55.0,,,,,,,39.0,,,54.8,,,,
"Bangladesh","BGD","Subnat","BGDr216"," Chuadanga, Jhenaidah, Kushtia, Meherpur",,,,,,8.25,,,,,,,,12.3,,,,,,,19.1,,,19.4,,,,
"Bangladesh","BGD","Subnat","BGDr208"," Dhaka",,,,,,71.2,,,,,,,,84.9,,,,,,,91.3,,,81.3,,,,
"Bangladesh","BGD","Subnat","BGDr220"," Dinajpur, Nilphamari, Panchagarh, Thakurgaon",,,,,,7.52,,,,,,,,12.0,,,,,,,14.0,,,12.9,,,,
"Bangladesh","BGD","Subnat","BGDr212"," Faridpur, Manikganj, Rajbari",,,,,,7.19,,,,,,,,26.5,,,,,,,0.00,,,12.3,,,,
"Bangladesh","BGD","Subnat","BGDr206"," Feni, Lakshmipur, Noakhali",,,,,,5.25,,,,,,,,18.5,,,,,,,21.8,,,15.3,,,,
"Bangladesh","BGD","Subnat","BGDr209"," Gazipur, Narayanganj, Narsingdi",,,,,,14.4,,,,,,,,32.2,,,,,,,44.3,,,36.5,,,,
"Bangladesh","BGD","Subnat","BGDr213"," Gopalganj, Madaripur, Munshiganj, Shariatpur",,,,,,0.00,,,,,,,,3.68,,,,,,,10.5,,,2.17,,,,
"Bangladesh","BGD","Subnat","BGDr223"," Habiganj, Sunamganj",,,,,,3.43,,,,,,,,7.14,,,,,,,10.4,,,10.6,,,,
"Bangladesh","BGD","Subnat","BGDr210"," Jamalpur, Sherpur, Tangail",,,,,,8.61,,,,,,,,7.70,,,,,,,13.0,,,23.0,,,,
"Bangladesh","BGD","Subnat","BGDr215"," Jessore, Magura, Narail",,,,,,7.82,,,,,,,,17.8,,,,,,,14.6,,,27.6,,,,
"Bangladesh","BGD","Subnat","BGDr205"," Khagrachhari, Rangamati (Chattagram)",,,,,,0.00,,,,,,,,10.8,,,,,,,8.39,,,22.3,,,,
"Bangladesh","BGD","Subnat","BGDr211"," Kishoreganj, Mymensingh, Netrakona",,,,,,6.01,,,,,,,,15.8,,,,,,,15.8,,,11.6,,,,
"Bangladesh","BGD","Subnat","BGDr221"," Kurigram, Lalmonirhat, Rangpur",,,,,,5.90,,,,,,,,11.1,,,,,,,14.1,,,17.5,,,,
"Bangladesh","BGD","Subnat","BGDr222"," Maulvibazar, Sylhet",,,,,,2.84,,,,,,,,18.1,,,,,,,18.1,,,23.9,,,,
"Bangladesh","BGD","Subnat","BGDr217"," Naogaon, Nawabganj, Rajshahi",,,,,,11.6,,,,,,,,10.2,,,,,,,10.1,,,17.5,,,,
"Bangladesh","BGD","Subnat","BGDr218"," Natore, Pabna, Sirajganj",,,,,,6.17,,,,,,,,12.0,,,,,,,17.9,,,20.9,,,,
"Barbados","BRB","Subnat","BRBr102","Christ Church and St. Philip",,,,,,,,,,,,,,,,,,,,,,80.0,,,,,,
"Barbados","BRB","Subnat","BRBr101","St Michael",,,,,,,,,,,,,,,,,,,,,,92.9,,,,,,
"Barbados","BRB","Subnat","BRBr103","St. James, St. George, and St. Thomas",,,,,,,,,,,,,,,,,,,,,,47.9,,,,,,
"Barbados","BRB","Subnat","BRBr104","St. Lucy, St. Peter, St. Andrew, St. Joseph, and St. John",,,,,,,,,,,,,,,,,,,,,,13.2,,,,,,
"Belarus","BLR","Subnat","BLRr101","Brest region",,,,,,,,,,,,,,,57.8,,,,,,,63.8,,,,,,
"Belarus","BLR","Subnat","BLRr103","Gomel region",,,,,,,,,,,,,,,67.5,,,,,,,72.1,,,,,,
"Belarus","BLR","Subnat","BLRr104","Grodno region",,,,,,,,,,,,,,,58.1,,,,,,,66.9,,,,,,
"Belarus","BLR","Subnat","BLRr105","Minsk region",,,,,,,,,,,,,,,74.0,,,,,,,78.3,,,,,,
"Belarus","BLR","Subnat","BLRr106","Mogilev region",,,,,,,,,,,,,,,66.5,,,,,,,73.4,,,,,,
"Belarus","BLR","Subnat","BLRr102","Vitebsk region",,,,,,,,,,,,,,,62.5,,,,,,,71.7,,,,,,
"Belize","BLZ","Subnat","BLZr102","Belize",,,,,,,,,,,,,,,,80.0,,,,,73.7,,,,,,,
"Belize","BLZ","Subnat","BLZr103","Cayo",,,,,,,,,,,,,,,,52.9,,,,,15.9,,,,,,,
"Belize","BLZ","Subnat","BLZr101","Corozal, Orange Walk",,,,,,,,,,,,,,,,31.0,,,,,25.8,,,,,,,
"Belize","BLZ","Subnat","BLZr104","Stann Creek, Toledo",,,,,,,,,,,,,,,,25.2,,,,,41.0,,,,,,,
"Benin","BEN","Subnat","BENr101","Atacora (incl Donga)",,,,,,35.6,,,,,32.5,,,,,37.4,,,,,34.2,,,,,,,37.1
"Benin","BEN","Subnat","BENr102","Atlantique (incl Littoral (Cotonou))",,,,,,57.2,,,,,61.7,,,,,63.4,,,,,70.4,,,,,,,59.4
"Benin","BEN","Subnat","BENr103","Borgou (incl Alibori)",,,,,,34.0,,,,,35.1,,,,,34.1,,,,,36.4,,,,,,,32.3
"Benin","BEN","Subnat","BENr104","Mono (incl Couffo)",,,,,,22.6,,,,,18.0,,,,,20.3,,,,,23.9,,,,,,,34.7
"Benin","BEN","Subnat","BENr105","Queme (incl Plateau)",,,,,,41.0,,,,,41.7,,,,,38.6,,,,,38.9,,,,,,,53.7
"Benin","BEN","Subnat","BENr106","Zou (incl Collines)",,,,,,24.3,,,,,19.8,,,,,26.3,,,,,27.2,,,,,,,25.9
"Bhutan","BTN","Subnat","BTNr101","Bumthang",,,,,,,,,,,,,,,,,,,,28.2,,,,,,,,
"Bhutan","BTN","Subnat","BTNr102","Chukha",,,,,,,,,,,,,,,,,,,,42.2,,,,,,,,
"Bhutan","BTN","Subnat","BTNr103","Dagana",,,,,,,,,,,,,,,,,,,,11.1,,,,,,,,
"Bhutan","BTN","Subnat","BTNr104","Gasa",,,,,,,,,,,,,,,,,,,,9.01,,,,,,,,
"Bhutan","BTN","Subnat","BTNr105","Haa",,,,,,,,,,,,,,,,,,,,21.5,,,,,,,,
"Bhutan","BTN","Subnat","BTNr106","Lhuntse",,,,,,,,,,,,,,,,,,,,8.45,,,,,,,,
"Bhutan","BTN","Subnat","BTNr107","Mongar",,,,,,,,,,,,,,,,,,,,17.1,,,,,,,,
"Bhutan","BTN","Subnat","BTNr108","Paro",,,,,,,,,,,,,,,,,,,,8.81,,,,,,,,
"Bhutan","BTN","Subnat","BTNr109","Pemagatshel",,,,,,,,,,,,,,,,,,,,11.8,,,,,,,,
"Bhutan","BTN","Subnat","BTNr110","Punakha",,,,,,,,,,,,,,,,,,,,7.09,,,,,,,,
"Bhutan","BTN","Subnat","BTNr111","Samdrup jongkhar",,,,,,,,,,,,,,,,,,,,24.8,,,,,,,,
"Bhutan","BTN","Subnat","BTNr112","Samtse",,,,,,,,,,,,,,,,,,,,14.8,,,,,,,,
"Bhutan","BTN","Subnat","BTNr113","Sarpang",,,,,,,,,,,,,,,,,,,,30.6,,,,,,,,
"Bhutan","BTN","Subnat","BTNr114","Thimphu",,,,,,,,,,,,,,,,,,,,86.2,,,,,,,,
"Bhutan","BTN","Subnat","BTNr115","Trashigang",,,,,,,,,,,,,,,,,,,,8.67,,,,,,,,
"Bhutan","BTN","Subnat","BTNr116","Trashiyangtse",,,,,,,,,,,,,,,,,,,,15.6,,,,,,,,
"Bhutan","BTN","Subnat","BTNr117","Trongsa",,,,,,,,,,,,,,,,,,,,18.2,,,,,,,,
"Bhutan","BTN","Subnat","BTNr118","Tsirang",,,,,,,,,,,,,,,,,,,,9.61,,,,,,,,
"Bhutan","BTN","Subnat","BTNr119","Wangdi",,,,,,,,,,,,,,,,,,,,26.8,,,,,,,,
"Bhutan","BTN","Subnat","BTNr120","Zhemgang",,,,,,,,,,,,,,,,,,,,13.3,,,,,,,,
"Bolivia","BOL","Subnat","BOLr108","Beni",,,,,,,,73.3,,,,,71.0,,,,,78.1,,,,,,,,,,
"Bolivia","BOL","Subnat","BOLr101","Chuquisaca",,,,,,,,42.0,,,,,36.7,,,,,40.7,,,,,,,,,,
"Bolivia","BOL","Subnat","BOLr103","Cochabamba",,,,,,,,61.4,,,,,58.4,,,,,55.0,,,,,,,,,,
"Bolivia","BOL","Subnat","BOLr102","La Paz",,,,,,,,68.8,,,,,64.2,,,,,60.1,,,,,,,,,,
"Bolivia","BOL","Subnat","BOLr104","Oruro",,,,,,,,77.6,,,,,66.0,,,,,56.6,,,,,,,,,,
"Bolivia","BOL","Subnat","BOLr109","Pando",,,,,,,,31.1,,,,,50.6,,,,,43.7,,,,,,,,,,
"Bolivia","BOL","Subnat","BOLr105","Potosi",,,,,,,,37.2,,,,,35.7,,,,,31.2,,,,,,,,,,
"Bolivia","BOL","Subnat","BOLr107","Santa Cruz",,,,,,,,73.6,,,,,76.2,,,,,79.2,,,,,,,,,,
"Bolivia","BOL","Subnat","BOLr106","Tarija",,,,,,,,63.5,,,,,64.2,,,,,59.3,,,,,,,,,,
"Bosnia Herzegovina","BIH","Subnat","BIHr103","Central Bosnia",,,,,,,,,,,,,,,,45.3,,,,,41.6,,,,,,,
"Bosnia Herzegovina","BIH","Subnat","BIHr102","Northern Bosnia",,,,,,,,,,,,,,,,27.7,,,,,19.1,,,,,,,
"Bosnia Herzegovina","BIH","Subnat","BIHr105","Republica Srpska",,,,,,,,,,,,,,,,33.7,,,,,33.1,,,,,,,
"Bosnia Herzegovina","BIH","Subnat","BIHr101","Western Bosnia",,,,,,,,,,,,,,,,31.4,,,,,47.6,,,,,,,
"Bosnia Herzegovina","BIH","Subnat","BIHr104","Western herzegovina",,,,,,,,,,,,,,,,29.2,,,,,25.9,,,,,,,
"Botswana","BWA","Subnat","BWAr101","Central",,,,,,,,,,39.6,,,,,,,,,,,,,52.9,,,,,
"Botswana","BWA","Subnat","BWAr110","Chobe",,,,,,,,,,0.00,,,,,,,,,,,,,38.1,,,,,
"Botswana","BWA","Subnat","BWAr102","Ghanzi",,,,,,,,,,21.2,,,,,,,,,,,,,34.4,,,,,
"Botswana","BWA","Subnat","BWAr103","Kgalagadi",,,,,,,,,,0.00,,,,,,,,,,,,,29.7,,,,,
"Botswana","BWA","Subnat","BWAr104","Kgatleng",,,,,,,,,,62.8,,,,,,,,,,,,,62.4,,,,,
"Botswana","BWA","Subnat","BWAr105","Kweneng",,,,,,,,,,52.0,,,,,,,,,,,,,70.5,,,,,
"Botswana","BWA","Subnat","BWAr106","North-East",,,,,,,,,,59.7,,,,,,,,,,,,,70.5,,,,,
"Botswana","BWA","Subnat","BWAr107","North-West, Ngamiland",,,,,,,,,,41.6,,,,,,,,,,,,,50.6,,,,,
"Botswana","BWA","Subnat","BWAr108","South-East",,,,,,,,,,95.0,,,,,,,,,,,,,98.3,,,,,
"Botswana","BWA","Subnat","BWAr109","Southern",,,,,,,,,,36.8,,,,,,,,,,,,,48.1,,,,,
"Brazil","BRA","Subnat","BRAr102","Acre",,,,,,100,,,,65.5,,,,,,,,,,74.1,,,,,,,,
"Brazil","BRA","Subnat","BRAr114","Alagoas",,,,,,70.4,,,,67.5,,,,,,,,,,72.6,,,,,,,,
"Brazil","BRA","Subnat","BRAr106","Amapa",,,,,,100,,,,88.9,,,,,,,,,,89.8,,,,,,,,
"Brazil","BRA","Subnat","BRAr103","Amazonas",,,,,,100,,,,74.1,,,,,,,,,,78.9,,,,,,,,
"Brazil","BRA","Subnat","BRAr116","Bahia",,,,,,59.2,,,,67.6,,,,,,,,,,71.4,,,,,,,,
"Brazil","BRA","Subnat","BRAr110","Ceara",,,,,,70.3,,,,70.2,,,,,,,,,,75.6,,,,,,,,
"Brazil","BRA","Subnat","BRAr127","Distrito Federal",,,,,,96.5,,,,93.6,,,,,,,,,,97.4,,,,,,,,
"Brazil","BRA","Subnat","BRAr118","Espirito Santo",,,,,,73.8,,,,79.6,,,,,,,,,,83.5,,,,,,,,
"Brazil","BRA","Subnat","BRAr126","Goias",,,,,,79.0,,,,88.1,,,,,,,,,,90.3,,,,,,,,
"Brazil","BRA","Subnat","BRAr108","Maranhao",,,,,,50.7,,,,59.8,,,,,,,,,,62.7,,,,,,,,
"Brazil","BRA","Subnat","BRAr125","Mato Grosso",,,,,,74.6,,,,77.5,,,,,,,,,,82.1,,,,,,,,
"Brazil","BRA","Subnat","BRAr124","Mato Grosso do Sul",,,,,,84.0,,,,82.4,,,,,,,,,,85.0,,,,,,,,
"Brazil","BRA","Subnat","BRAr117","Minas Gerais",,,,,,81.6,,,,81.7,,,,,,,,,,85.2,,,,,,,,
"Brazil","BRA","Subnat","BRAr105","Para",,,,,,100,,,,65.9,,,,,,,,,,68.3,,,,,,,,
"Brazil","BRA","Subnat","BRAr112","Paraiba",,,,,,57.1,,,,69.9,,,,,,,,,,76.3,,,,,,,,
"Brazil","BRA","Subnat","BRAr121","Parana",,,,,,76.9,,,,81.3,,,,,,,,,,85.3,,,,,,,,
"Brazil","BRA","Subnat","BRAr113","Pernambuco",,,,,,74.9,,,,75.8,,,,,,,,,,80.5,,,,,,,,
"Brazil","BRA","Subnat","BRAr109","Piaui",,,,,,61.6,,,,61.8,,,,,,,,,,65.7,,,,,,,,
"Brazil","BRA","Subnat","BRAr119","Rio de Janeiro",,,,,,91.2,,,,95.9,,,,,,,,,,96.8,,,,,,,,
"Brazil","BRA","Subnat","BRAr111","Rio Grande do Norte",,,,,,69.7,,,,73.9,,,,,,,,,,78.1,,,,,,,,
"Brazil","BRA","Subnat","BRAr123","Rio Grande do Sul",,,,,,78.5,,,,80.3,,,,,,,,,,85.0,,,,,,,,
"Brazil","BRA","Subnat","BRAr101","Rondonia",,,,,,100,,,,60.8,,,,,,,,,,72.7,,,,,,,,
"Brazil","BRA","Subnat","BRAr104","Roraima",,,,,,100,,,,72.9,,,,,,,,,,78.5,,,,,,,,
"Brazil","BRA","Subnat","BRAr122","Santa Catarina",,,,,,67.2,,,,77.0,,,,,,,,,,84.5,,,,,,,,
"Brazil","BRA","Subnat","BRAr120","Sao Paulo",,,,,,91.6,,,,92.5,,,,,,,,,,95.8,,,,,,,,
"Brazil","BRA","Subnat","BRAr115","Sergipe",,,,,,72.5,,,,70.0,,,,,,,,,,73.8,,,,,,,,
"Brazil","BRA","Subnat","BRAr107","Tocantins",,,,,,69.7,,,,73.6,,,,,,,,,,79.0,,,,,,,,
"Burkina Faso","BFA","Subnat","BFAr101","Boucle de Mouhoun",,,,,,,,1.47,,,,,8.11,,,,,,,7.82,,,,,,,,
"Burkina Faso","BFA","Subnat","BFAr102","Cascades",,,,,,,,7.84,,,,,25.4,,,,,,,27.2,,,,,,,,
"Burkina Faso","BFA","Subnat","BFAr103","Centre (incl Ouagadougou)",,,,,,,,84.4,,,,,80.3,,,,,,,84.2,,,,,,,,
"Burkina Faso","BFA","Subnat","BFAr104","Centre-Est",,,,,,,,15.5,,,,,10.4,,,,,,,16.1,,,,,,,,
"Burkina Faso","BFA","Subnat","BFAr105","Centre-Nord",,,,,,,,4.95,,,,,5.03,,,,,,,7.39,,,,,,,,
"Burkina Faso","BFA","Subnat","BFAr106","Centre-Ouest",,,,,,,,6.47,,,,,11.9,,,,,,,14.0,,,,,,,,
"Burkina Faso","BFA","Subnat","BFAr107","Centre-Sud",,,,,,,,2.79,,,,,2.66,,,,,,,9.81,,,,,,,,
"Burkina Faso","BFA","Subnat","BFAr108","Est",,,,,,,,0.00,,,,,2.97,,,,,,,6.50,,,,,,,,
"Burkina Faso","BFA","Subnat","BFAr109","Hauts Bassins",,,,,,,,36.1,,,,,31.6,,,,,,,37.4,,,,,,,,
"Burkina Faso","BFA","Subnat","BFAr110","Nord",,,,,,,,7.76,,,,,7.68,,,,,,,11.8,,,,,,,,
"Burkina Faso","BFA","Subnat","BFAr111","Plateau Central",,,,,,,,0.00,,,,,0.00,,,,,,,7.95,,,,,,,,
"Burkina Faso","BFA","Subnat","BFAr112","Sahel",,,,,,,,0.00,,,,,2.27,,,,,,,5.28,,,,,,,,
"Burkina Faso","BFA","Subnat","BFAr113","Sud-Ouest",,,,,,,,7.18,,,,,4.52,,,,,,,11.5,,,,,,,,
"Burundi","BDI","Subnat","BDIr103","East (Cankuzo, Rutana, Ruyigi )",,,,,,,,,,,,,,,0.00,,,,,2.14,,,,,,,3.77,
"Burundi","BDI","Subnat","BDIr105","Middle (Gitega, Karuzi, Muramvya, Mwaro)",,,,,,,,,,,,,,,2.60,,,,,2.93,,,,,,,4.74,
"Burundi","BDI","Subnat","BDIr101","North (Kayanza, Kirundo, Muyinga, Ngozi)",,,,,,,,,,,,,,,0.99,,,,,3.30,,,,,,,4.80,
"Burundi","BDI","Subnat","BDIr102","South (Bururi, Makamba)",,,,,,,,,,,,,,,1.56,,,,,5.02,,,,,,,7.61,
"Burundi","BDI","Subnat","BDIr104","West (Bubanza, Buja Rural, Cibitoke, Mairie de Bujumbura)",,,,,,,,,,,,,,,18.8,,,,,30.2,,,,,,,30.7,
"Cambodia","KHM","Subnat","KHMr101","Banteay Mean Chey",,,,,,,,,,17.2,,,,,17.5,,,,,27.0,,,,21.6,,,,
"Cambodia","KHM","Subnat","KHMr113","Bat Dambang-Krong Pailin",,,,,,,,,,20.1,,,,,19.8,,,,,17.8,,,,14.7,,,,
"Cambodia","KHM","Subnat","KHMr102","Kampong Cham (incl Tboung Khmum)",,,,,,,,,,2.53,,,,,2.37,,,,,6.21,,,,7.53,,,,
"Cambodia","KHM","Subnat","KHMr103","Kampong Chhnang",,,,,,,,,,12.4,,,,,8.12,,,,,7.86,,,,8.44,,,,
"Cambodia","KHM","Subnat","KHMr104","Kampong Spueu",,,,,,,,,,5.80,,,,,6.97,,,,,6.93,,,,6.87,,,,
"Cambodia","KHM","Subnat","KHMr105","Kampong Thum",,,,,,,,,,11.5,,,,,10.9,,,,,5.54,,,,5.01,,,,
"Cambodia","KHM","Subnat","KHMr114","Kampot-Krong Kaeb-Krong Preah Sihanouk",,,,,,,,,,30.5,,,,,29.6,,,,,13.1,,,,16.1,,,,
"Cambodia","KHM","Subnat","KHMr106","Kandal",,,,,,,,,,5.18,,,,,5.38,,,,,13.4,,,,8.44,,,,
"Cambodia","KHM","Subnat","KHMr107","Kaoh Kong",,,,,,,,,,20.8,,,,,27.8,,,,,28.4,,,,34.3,,,,
"Cambodia","KHM","Subnat","KHMr116","Mondol Kiri-Rotanak Kiri",,,,,,,,,,23.4,,,,,16.6,,,,,9.47,,,,10.2,,,,
"Cambodia","KHM","Subnat","KHMr108","Phnom Penh",,,,,,,,,,55.8,,,,,56.2,,,,,93.3,,,,81.1,,,,
"Cambodia","KHM","Subnat","KHMr110","Pousat",,,,,,,,,,15.2,,,,,15.4,,,,,5.20,,,,4.26,,,,
"Cambodia","KHM","Subnat","KHMr115","Preah Vihear-Stueng Traeng-Kracheh",,,,,,,,,,28.6,,,,,24.0,,,,,11.4,,,,8.56,,,,
"Cambodia","KHM","Subnat","KHMr109","Prey Veaeng",,,,,,,,,,5.63,,,,,6.04,,,,,3.24,,,,2.92,,,,
"Cambodia","KHM","Subnat","KHMr117","Siem Reab-Otdar Mean Chey",,,,,,,,,,17.5,,,,,17.3,,,,,16.3,,,,13.0,,,,
"Cambodia","KHM","Subnat","KHMr111","Svay Rieng",,,,,,,,,,4.25,,,,,3.66,,,,,2.76,,,,3.35,,,,
"Cambodia","KHM","Subnat","KHMr112","Takaev",,,,,,,,,,3.85,,,,,4.57,,,,,1.38,,,,1.61,,,,
"Cameroon","CMR","Subnat","CMRr101","Adamaoua",,,,,,,,41.3,,,,,,42.6,,,,,,,45.6,,,,,,,41.7
"Cameroon","CMR","Subnat","CMRr102","Centre (incl Yaounde)",,,,,,,,40.6,,,,,,66.3,,,,,,,70.2,,,,,,,64.6
"Cameroon","CMR","Subnat","CMRr103","Est",,,,,,,,21.8,,,,,,43.7,,,,,,,40.3,,,,,,,43.7
"Cameroon","CMR","Subnat","CMRr104","Extreme Nord",,,,,,,,18.4,,,,,,24.8,,,,,,,21.3,,,,,,,28.8
"Cameroon","CMR","Subnat","CMRr105","Littoral (incl Douala)",,,,,,,,75.2,,,,,,90.2,,,,,,,88.7,,,,,,,92.5
"Cameroon","CMR","Subnat","CMRr106","Nord",,,,,,,,28.9,,,,,,29.4,,,,,,,34.0,,,,,,,23.4
"Cameroon","CMR","Subnat","CMRr107","Nord Ouest",,,,,,,,18.1,,,,,,40.9,,,,,,,38.2,,,,,,,39.0
"Cameroon","CMR","Subnat","CMRr108","Ouest",,,,,,,,33.7,,,,,,46.7,,,,,,,41.5,,,,,,,49.5
"Cameroon","CMR","Subnat","CMRr109","Sud",,,,,,,,0.00,,,,,,39.5,,,,,,,34.9,,,,,,,39.2
"Cameroon","CMR","Subnat","CMRr110","Sud Ouest",,,,,,,,25.0,,,,,,45.5,,,,,,,44.3,,,,,,,100
"Cape Verde","CPV","Subnat","CPVr105","Fogo",,,,,,,,,,,,,,,,,,,,,,,35.3,,,,,
"Cape Verde","CPV","Subnat","CPVr101","S.Antao",,,,,,,,,,,,,,,,,,,,,,,34.8,,,,,
"Cape Verde","CPV","Subnat","CPVr102","S.Vicente",,,,,,,,,,,,,,,,,,,,,,,93.0,,,,,
"Cape Verde","CPV","Subnat","CPVr104","Santiago- Praia",,,,,,,,,,,,,,,,,,,,,,,98.5,,,,,
"Cape Verde","CPV","Subnat","CPVr103","Santiago-Interior",,,,,,,,,,,,,,,,,,,,,,,32.7,,,,,
"Central African Republic CAR","CAF","Subnat","CAFr106","Bangui",,,,100,,,,,,,,,,,,100,,,,100,,,,,,,,
"Central African Republic CAR","CAF","Subnat","CAFr101","RS I (Ombella Mpoko, Lobaye, Kemo, Nana Grebizi)",,,,24.2,,,,,,,,,,,,34.6,,,,31.6,,,,,,,,
"Central African Republic CAR","CAF","Subnat","CAFr102","RS II (Mambera Kadei, Nana Mambere, Sangha Mbaere)",,,,32.9,,,,,,,,,,,,32.5,,,,31.8,,,,,,,,
"Central African Republic CAR","CAF","Subnat","CAFr103","RS III (Ouham Pende, Ouham)",,,,22.4,,,,,,,,,,,,19.0,,,,11.7,,,,,,,,
"Central African Republic CAR","CAF","Subnat","CAFr104","RS IV (Ouaka, Haute-Kotto, Baminigui Bangoran, Vakaga)",,,,36.2,,,,,,,,,,,,33.9,,,,31.4,,,,,,,,
"Central African Republic CAR","CAF","Subnat","CAFr105","RS V (Basse Kotto, Mbornou, Houte Mbormou)",,,,18.1,,,,,,,,,,,,18.9,,,,15.7,,,,,,,,
"Chad","TCD","Subnat","TCDr101","Zone 1 (N'Djamena)",,,,,,,100,,,,,,,100,,,,,,100,,,,,100,,,
"Chad","TCD","Subnat","TCDr102","Zone 2 (BET (Borkou, Ennedi, Tibesti), Kanem (incl Barh El Gazal), Lac)",,,,,,,12.5,,,,,,,11.1,,,,,,9.81,,,,,11.8,,,
"Chad","TCD","Subnat","TCDr103","Zone 3 (Guera, Batha Est & Ouest, Salamat)",,,,,,,15.5,,,,,,,12.6,,,,,,13.1,,,,,22.9,,,
"Chad","TCD","Subnat","TCDr104","Zone 4 (Ouaddai (incl Assongha, Sili), Biltine (new name Wad Fira))",,,,,,,14.4,,,,,,,16.2,,,,,,13.7,,,,,14.2,,,
"Chad","TCD","Subnat","TCDr105","Zone 5 (Chari-Baguirmi (Dababa, Baguirmi, Hadjer Lamis))",,,,,,,11.1,,,,,,,10.0,,,,,,14.2,,,,,8.49,,,
"Chad","TCD","Subnat","TCDr106","Zone 6 (Mayo-Kebbi (Kabia, Mayo Boneye & Mayo Dala))",,,,,,,11.5,,,,,,,10.5,,,,,,11.9,,,,,11.0,,,
"Chad","TCD","Subnat","TCDr107","Zone 7 (Logone Occidental, Logone Oriental (incl Monts de Lam), Tandjile Est & Ouest)",,,,,,,15.4,,,,,,,15.5,,,,,,15.9,,,,,18.3,,,
"Chad","TCD","Subnat","TCDr108","Zone 8 (Moyen-Chari (Barh Koh, Mandoul, Lac Iro))",,,,,,,27.1,,,,,,,15.6,,,,,,14.8,,,,,20.1,,,
"Chili","CHL","Subnat","CHLr202"," Centro V - VII",,,,,,,,,,,,90.9,,,,,90.0,,,,,,,,,,,
"Chili","CHL","Subnat","CHLr201"," Norte I - IV",,,,,,,,,,,,89.3,,,,,90.2,,,,,,,,,,,
"Chili","CHL","Subnat","CHLr203"," Sur VIII - XII",,,,,,,,,,,,75.8,,,,,74.1,,,,,,,,,,,
"Chili","CHL","Subnat","CHLr111","Aisen",,,,,,,,,,,,81.2,,,,,,,,,,,,,,,,
"Chili","CHL","Subnat","CHLr102","Antofagasta",,,,,,,,,,,,97.7,,,,,,,,,,,,,,,,
"Chili","CHL","Subnat","CHLr109","Arbucania",,,,,,,,,,,,67.6,,,,,,,,,,,,,,,,
"Chili","CHL","Subnat","CHLr103","Atacama",,,,,,,,,,,,91.6,,,,,,,,,,,,,,,,
"Chili","CHL","Subnat","CHLr108","Bio Bio",,,,,,,,,,,,82.2,,,,,,,,,,,,,,,,
"Chili","CHL","Subnat","CHLr104","Coquimbo",,,,,,,,,,,,78.2,,,,,,,,,,,,,,,,
"Chili","CHL","Subnat","CHLr110","Los Lagos (incl Los Rios)",,,,,,,,,,,,68.2,,,,,,,,,,,,,,,,
"Chili","CHL","Subnat","CHLr112","Magallanes and La Antartica Chilena",,,,,,,,,,,,92.6,,,,,,,,,,,,,,,,
"Chili","CHL","Subnat","CHLr107","Maule",,,,,,,,,,,,66.9,,,,,,,,,,,,,,,,
"Chili","CHL","Subnat","CHLr106","OHiggins",,,,,,,,,,,,70.3,,,,,,,,,,,,,,,,
"Chili","CHL","Subnat","CHLr113","Region Metropolitana",,,,,,,,,,,,96.9,,,,,,,,,,,,,,,,
"Chili","CHL","Subnat","CHLr101","Tarapaca (incl Arica and Parinacota)",,,,,,,,,,,,93.8,,,,,,,,,,,,,,,,
"Chili","CHL","Subnat","CHLr105","Valparaiso (former Aconcagua)",,,,,,,,,,,,91.5,,,,,,,,,,,,,,,,
"China","CHN","Subnat","CHNr201"," Beijing, Tianjin, Hebei, Shandong",,,,,,,,,,,,27.7,,,,,,,,,71.6,,72.1,,62.1,,,
"China","CHN","Subnat","CHNr206"," Chongqing, Sichuan, Guizhou, Yunnan, Tibet",,,,,,,,,,,,49.3,,,,,,,,,17.5,,49.0,,46.9,,,
"China","CHN","Subnat","CHNr204"," Fujian,  Guangdong, Hainan",,,,,,,,,,,,52.1,,,,,,,,,64.3,,55.3,,64.0,,,
"China","CHN","Subnat","CHNr208"," Gansu, Qinghai, Ningxia, Xinjiang",,,,,,,,,,,,31.1,,,,,,,,,31.1,,36.7,,45.5,,,
"China","CHN","Subnat","CHNr207"," Henan, Shanxi, Shaanxi, Inner Mongolia",,,,,,,,,,,,46.6,,,,,,,,,34.4,,50.0,,52.0,,,
"China","CHN","Subnat","CHNr205"," Hubei, Jiangxi, Hunan, Guangxi",,,,,,,,,,,,24.2,,,,,,,,,42.8,,51.9,,49.5,,,
"China","CHN","Subnat","CHNr202"," Liaoning, Jilin, Heilongjiang",,,,,,,,,,,,44.0,,,,,,,,,54.9,,56.5,,68.7,,,
"China","CHN","Subnat","CHNr203"," Shanghai, Jiangsu, Zhejiang, Anhui",,,,,,,,,,,,46.4,,,,,,,,,52.0,,63.0,,65.4,,,
"China","CHN","Subnat","CHNr112","Anhui",,,,,,,,,,,,21.6,,,,,,,,,23.7,,31.7,,28.2,,,
"China","CHN","Subnat","CHNr101","Beijing",,,,,,,,,,,,75.7,,,,,,,,,100,,87.5,,86.9,,,
"China","CHN","Subnat","CHNr122","Chongqing",,,,,,,,,,,,32.0,,,,,,,,,43.8,,73.4,,73.9,,,
"China","CHN","Subnat","CHNr113","Fujian",,,,,,,,,,,,,,,,,,,,,,,34.9,,39.6,,,
"China","CHN","Subnat","CHNr128","Gansu",,,,,,,,,,,,21.2,,,,,,,,,43.9,,51.9,,51.4,,,
"China","CHN","Subnat","CHNr119","Guangdong",,,,,,,,,,,,46.2,,,,,,,,,52.3,,49.4,,60.0,,,
"China","CHN","Subnat","CHNr120","Guangxi Zhuang",,,,,,,,,,,,0.00,,,,,,,,,0.00,,64.3,,63.5,,,
"China","CHN","Subnat","CHNr124","Guizhou",,,,,,,,,,,,0.00,,,,,,,,,0.00,,44.9,,43.6,,,
"China","CHN","Subnat","CHNr121","Hainan",,,,,,,,,,,,,,,,,,,,,,,43.2,,43.4,,,
"China","CHN","Subnat","CHNr103","Hebei",,,,,,,,,,,,0.00,,,,,,,,,37.5,,48.3,,46.5,,,
"China","CHN","Subnat","CHNr108","Heilongjiang",,,,,,,,,,,,,,,,,,,,,67.4,,58.0,,58.0,,,
"China","CHN","Subnat","CHNr116","Henan",,,,,,,,,,,,18.9,,,,,,,,,25.3,,40.0,,39.3,,,
"China","CHN","Subnat","CHNr117","Hubei",,,,,,,,,,,,36.1,,,,,,,,,33.1,,48.3,,46.9,,,
"China","CHN","Subnat","CHNr118","Hunan",,,,,,,,,,,,0.00,,,,,,,,,47.4,,48.6,,46.1,,,
"China","CHN","Subnat","CHNr105","Inner Mongolia",,,,,,,,,,,,,,,,,,,,,,,59.5,,60.8,,,
"China","CHN","Subnat","CHNr110","Jiangsu",,,,,,,,,,,,37.5,,,,,,,,,65.5,,66.9,,65.1,,,
"China","CHN","Subnat","CHNr114","Jiangxi",,,,,,,,,,,,0.00,,,,,,,,,38.2,,38.3,,37.3,,,
"China","CHN","Subnat","CHNr107","Jilin",,,,,,,,,,,,0.00,,,,,,,,,48.8,,44.0,,40.0,,,
"China","CHN","Subnat","CHNr106","Liaoning",,,,,,,,,,,,53.2,,,,,,,,,49.9,,55.7,,66.7,,,
"China","CHN","Subnat","CHNr130","Ningxia",,,,,,,,,,,,,,,,,,,,,,,67.8,,67.5,,,
"China","CHN","Subnat","CHNr129","Qinghai",,,,,,,,,,,,,,,,,,,,,100,,57.8,,57.7,,,
"China","CHN","Subnat","CHNr127","Shaanxi",,,,,,,,,,,,0.00,,,,,,,,,0.00,,67.1,,71.8,,,
"China","CHN","Subnat","CHNr115","Shandong",,,,,,,,,,,,0.00,,,,,,,,,70.4,,69.7,,60.5,,,
"China","CHN","Subnat","CHNr109","Shanghai",,,,,,,,,,,,,,,,,,,,,80.7,,100,,100,,,
"China","CHN","Subnat","CHNr104","Shanxi",,,,,,,,,,,,30.1,,,,,,,,,54.9,,40.2,,35.8,,,
"China","CHN","Subnat","CHNr123","Sichuan",,,,,,,,,,,,23.7,,,,,,,,,47.5,,69.7,,68.0,,,
"China","CHN","Subnat","CHNr102","Tianjin",,,,,,,,,,,,,,,,,,,,,100,,87.8,,87.7,,,
"China","CHN","Subnat","CHNr131","Xinjiang",,,,,,,,,,,,0.00,,,,,,,,,,,,,,,,
"China","CHN","Subnat","CHNr125","Yunnan",,,,,,,,,,,,18.3,,,,,,,,,10.7,,44.9,,44.7,,,
"China","CHN","Subnat","CHNr111","Zhejiang",,,,,,,,,,,,0.00,,,,,,,,,38.4,,47.3,,52.2,,,
"Colombia","COL","Subnat","COLr129","Amazonas",,,,,,,,,,,,,,,100,,,,,37.8,,,,,37.2,,,
"Colombia","COL","Subnat","COLr101","Antioquia (incl Medellin)",,,,,70.2,,,,,75.1,,,,,73.5,,,,,74.9,,,,,78.2,,,
"Colombia","COL","Subnat","COLr125","Arauca",,,,,,,,,,,,,,,100,,,,,86.4,,,,,63.1,,,
"Colombia","COL","Subnat","COLr102","Atlantico (incl Barranquilla)",,,,,92.0,,,,,90.7,,,,,93.8,,,,,93.7,,,,,95.7,,,
"Colombia","COL","Subnat","COLr103","Bogota D.C.",,,,,99.9,,,,,99.7,,,,,99.8,,,,,100,,,,,99.8,,,
"Colombia","COL","Subnat","COLr104","Bolivar (Sur and Norte)",,,,,82.1,,,,,82.0,,,,,69.1,,,,,76.7,,,,,77.5,,,
"Colombia","COL","Subnat","COLr105","Boyaca",,,,,36.1,,,,,40.8,,,,,45.7,,,,,50.8,,,,,56.7,,,
"Colombia","COL","Subnat","COLr106","Caldas",,,,,58.0,,,,,66.0,,,,,64.5,,,,,69.4,,,,,71.7,,,
"Colombia","COL","Subnat","COLr107","Caqueta",,,,,,,,,,,,,,,48.2,,,,,66.6,,,,,59.5,,,
"Colombia","COL","Subnat","COLr126","Casanare",,,,,,,,,,,,,,,100,,,,,69.6,,,,,74.2,,,
"Colombia","COL","Subnat","COLr108","Cauca",,,,,42.1,,,,,49.6,,,,,37.7,,,,,42.0,,,,,39.7,,,
"Colombia","COL","Subnat","COLr109","Cesar",,,,,52.8,,,,,64.8,,,,,63.6,,,,,71.6,,,,,74.6,,,
"Colombia","COL","Subnat","COLr112","Choco",,,,,23.2,,,,,21.2,,,,,39.8,,,,,58.2,,,,,49.2,,,
"Colombia","COL","Subnat","COLr110","Cordoba",,,,,56.3,,,,,48.8,,,,,50.0,,,,,43.8,,,,,52.8,,,
"Colombia","COL","Subnat","COLr111","Cundinamarca",,,,,37.5,,,,,40.3,,,,,58.3,,,,,59.7,,,,,67.3,,,
"Colombia","COL","Subnat","COLr130","Guainja",,,,,,,,,,,,,,,100,,,,,46.9,,,,,30.7,,,
"Colombia","COL","Subnat","COLr114","Guajira",,,,,39.7,,,,,61.7,,,,,67.3,,,,,52.4,,,,,54.8,,,
"Colombia","COL","Subnat","COLr131","Guaviare",,,,,,,,,,,,,,,100,,,,,88.1,,,,,100,,,
"Colombia","COL","Subnat","COLr113","Huila",,,,,60.2,,,,,64.9,,,,,62.6,,,,,57.7,,,,,59.8,,,
"Colombia","COL","Subnat","COLr115","Magdalena",,,,,55.6,,,,,72.7,,,,,63.8,,,,,67.0,,,,,73.6,,,
"Colombia","COL","Subnat","COLr116","Meta",,,,,89.7,,,,,90.2,,,,,66.0,,,,,73.0,,,,,75.8,,,
"Colombia","COL","Subnat","COLr117","Narino",,,,,41.4,,,,,42.5,,,,,45.3,,,,,50.1,,,,,49.4,,,
"Colombia","COL","Subnat","COLr118","Norte de Santander",,,,,74.1,,,,,71.0,,,,,75.2,,,,,76.0,,,,,78.5,,,
"Colombia","COL","Subnat","COLr127","Putumayo",,,,,,,,,,,,,,,100,,,,,57.9,,,,,48.8,,,
"Colombia","COL","Subnat","COLr119","Quindio",,,,,85.9,,,,,90.2,,,,,85.0,,,,,86.1,,,,,87.8,,,
"Colombia","COL","Subnat","COLr120","Risaralda",,,,,78.9,,,,,86.2,,,,,76.2,,,,,73.2,,,,,78.3,,,
"Colombia","COL","Subnat","COLr128","San Andres",,,,,,,,,,,,,,,72.5,,,,,63.4,,,,,72.0,,,
"Colombia","COL","Subnat","COLr121","Santander",,,,,60.7,,,,,68.1,,,,,71.2,,,,,69.5,,,,,75.4,,,
"Colombia","COL","Subnat","COLr122","Sucre",,,,,34.5,,,,,55.2,,,,,69.1,,,,,74.8,,,,,67.0,,,
"Colombia","COL","Subnat","COLr123","Tolima",,,,,48.7,,,,,51.9,,,,,63.7,,,,,68.3,,,,,68.5,,,
"Colombia","COL","Subnat","COLr124","Valle (incl Cali)",,,,,84.7,,,,,82.7,,,,,86.5,,,,,85.7,,,,,87.4,,,
"Colombia","COL","Subnat","COLr132","Vaupis",,,,,,,,,,,,,,,100,,,,,70.0,,,,,38.6,,,
"Colombia","COL","Subnat","COLr133","Vichada",,,,,,,,,,,,,,,100,,,,,50.8,,,,,100,,,
"Comoros","COM","Subnat","COMr103","Anjouan (Ndzouani)",,,,,,29.0,,,,,,,,,,,,,,,,32.4,,,,,,
"Comoros","COM","Subnat","COMr101","Grande Comore (Ngazidja)",,,,,,23.4,,,,,,,,,,,,,,,,26.9,,,,,,
"Comoros","COM","Subnat","COMr102","Moheli",,,,,,56.7,,,,,,,,,,,,,,,,54.2,,,,,,
"Congo Brazzaville","COG","Subnat","COGr204"," Bouenza",,,,,,,,,,,,,,,20.9,,,,,,31.2,,,,22.1,,,
"Congo Brazzaville","COG","Subnat","COGr211"," Brazzaville",,,,,,,,,,,,,,,100,,,,,,100,,,,100,,,
"Congo Brazzaville","COG","Subnat","COGr207"," Cuvette",,,,,,,,,,,,,,,0.00,,,,,,0.00,,,,0.00,,,
"Congo Brazzaville","COG","Subnat","COGr208"," Cuvette Ouest",,,,,,,,,,,,,,,0.00,,,,,,0.00,,,,0.00,,,
"Congo Brazzaville","COG","Subnat","COGr201"," Kouilou",,,,,,,,,,,,,,,0.00,,,,,,0.00,,,,0.00,,,
"Congo Brazzaville","COG","Subnat","COGr203"," Lekoumou",,,,,,,,,,,,,,,0.00,,,,,,0.00,,,,0.00,,,
"Congo Brazzaville","COG","Subnat","COGr210"," Likouala",,,,,,,,,,,,,,,0.00,,,,,,0.00,,,,0.00,,,
"Congo Brazzaville","COG","Subnat","COGr202"," Niari",,,,,,,,,,,,,,,26.9,,,,,,50.2,,,,54.1,,,
"Congo Brazzaville","COG","Subnat","COGr206"," Plateaux",,,,,,,,,,,,,,,0.00,,,,,,0.00,,,,0.00,,,
"Congo Brazzaville","COG","Subnat","COGr212"," Pointe Noire",,,,,,,,,,,,,,,100,,,,,,100,,,,100,,,
"Congo Brazzaville","COG","Subnat","COGr205"," Pool",,,,,,,,,,,,,,,0.00,,,,,,0.00,,,,0.00,,,
"Congo Brazzaville","COG","Subnat","COGr209"," Sangha",,,,,,,,,,,,,,,19.2,,,,,,34.4,,,,35.6,,,
"Congo Democratic Republic","COD","Subnat","CODr103","Bandundu",,,,,,,,,,,,,,,,,21.0,,,13.3,,,20.4,,,,,
"Congo Democratic Republic","COD","Subnat","CODr102","Bas-Congo",,,,,,,,,,,,,,,,,32.6,,,15.4,,,26.2,,,,,
"Congo Democratic Republic","COD","Subnat","CODr104","Equateur",,,,,,,,,,,,,,,,,27.7,,,14.0,,,18.1,,,,,
"Congo Democratic Republic","COD","Subnat","CODr111","Kasai Occidental",,,,,,,,,,,,,,,,,36.3,,,13.4,,,32.1,,,,,
"Congo Democratic Republic","COD","Subnat","CODr110","Kasai Oriental",,,,,,,,,,,,,,,,,50.5,,,41.9,,,39.3,,,,,
"Congo Democratic Republic","COD","Subnat","CODr109","Katanga",,,,,,,,,,,,,,,,,58.5,,,29.2,,,45.1,,,,,
"Congo Democratic Republic","COD","Subnat","CODr101","Kinshasa",,,,,,,,,,,,,,,,,100,,,100,,,100,,,,,
"Congo Democratic Republic","COD","Subnat","CODr108","Maniema",,,,,,,,,,,,,,,,,43.2,,,18.6,,,32.0,,,,,
"Congo Democratic Republic","COD","Subnat","CODr106","Nord-Kivu",,,,,,,,,,,,,,,,,29.3,,,20.4,,,40.8,,,,,
"Congo Democratic Republic","COD","Subnat","CODr105","Orientale",,,,,,,,,,,,,,,,,19.3,,,18.3,,,19.7,,,,,
"Congo Democratic Republic","COD","Subnat","CODr107","Sud-Kivu",,,,,,,,,,,,,,,,,29.7,,,20.5,,,12.5,,,,,
"Costa Rica","CRI","Subnat","CRIr102","Alajuela",,,,,,,,,,,,,,,,,,,,,42.4,,,,,,,
"Costa Rica","CRI","Subnat","CRIr103","Cartago",,,,,,,,,,,,,,,,,,,,,64.1,,,,,,,
"Costa Rica","CRI","Subnat","CRIr105","Guanacaste",,,,,,,,,,,,,,,,,,,,,45.4,,,,,,,
"Costa Rica","CRI","Subnat","CRIr104","Heredia",,,,,,,,,,,,,,,,,,,,,66.1,,,,,,,
"Costa Rica","CRI","Subnat","CRIr107","Limon",,,,,,,,,,,,,,,,,,,,,30.5,,,,,,,
"Costa Rica","CRI","Subnat","CRIr106","Puntarenas",,,,,,,,,,,,,,,,,,,,,34.7,,,,,,,
"Costa Rica","CRI","Subnat","CRIr101","San Jose",,,,,,,,,,,,,,,,,,,,,84.6,,,,,,,
"Cote d'Ivoire","CIV","Subnat","CIVr101","Centre",,,,24.4,,,,,20.4,,,,,,42.7,,,,,,32.7,,,,,,,
"Cote d'Ivoire","CIV","Subnat","CIVr102","Centre Est",,,,21.6,,,,,6.78,,,,,,42.2,,,,,,38.3,,,,,,,
"Cote d'Ivoire","CIV","Subnat","CIVr103","Centre Nord",,,,38.3,,,,,50.1,,,,,,49.8,,,,,,52.4,,,,,,,
"Cote d'Ivoire","CIV","Subnat","CIVr104","Centre Ouest",,,,18.9,,,,,14.4,,,,,,32.0,,,,,,34.6,,,,,,,
"Cote d'Ivoire","CIV","Subnat","CIVr105","Nord",,,,27.3,,,,,37.0,,,,,,34.7,,,,,,31.7,,,,,,,
"Cote d'Ivoire","CIV","Subnat","CIVr106","Nord Est",,,,22.1,,,,,9.42,,,,,,8.55,,,,,,12.1,,,,,,,
"Cote d'Ivoire","CIV","Subnat","CIVr107","Nord Ouest",,,,19.9,,,,,18.4,,,,,,15.8,,,,,,16.7,,,,,,,
"Cote d'Ivoire","CIV","Subnat","CIVr108","Ouest",,,,18.1,,,,,8.43,,,,,,20.0,,,,,,22.0,,,,,,,
"Cote d'Ivoire","CIV","Subnat","CIVr110","Sud Ouest",,,,19.3,,,,,21.8,,,,,,21.7,,,,,,22.5,,,,,,,
"Cote d'Ivoire","CIV","Subnat","CIVr109","Sud, Abidjan",,,,64.0,,,,,71.8,,,,,,58.5,,,,,,74.4,,,,,,,
"Cuba","CUB","Subnat","CUBr103","Centro",,,,,,,,,,,,,,,,,,,,,72.6,,,,,,,
"Cuba","CUB","Subnat","CUBr102","Ciudad Habana",,,,,,,,,,,,,,,,,,,,,100,,,,,,,
"Cuba","CUB","Subnat","CUBr101","Occidente",,,,,,,,,,,,,,,,,,,,,71.8,,,,,,,
"Cuba","CUB","Subnat","CUBr104","Oriente",,,,,,,,,,,,,,,,,,,,,64.7,,,,,,,
"Djibouti","DJI","Subnat","DJIr101","Djibouti",,,,,,,,,,,,,,,,100,,,,,,,,,,,,
"Djibouti","DJI","Subnat","DJIr102","Other Districts",,,,,,,,,,,,,,,,74.3,,,,,,,,,,,,
"Dominican Republic","DOM","Subnat","DOMr101","Region 0 (Distrito Nacional, Santo Domingo, Monte Plata)",,,,,,84.6,,,,,,77.8,,,,,90.3,,,,,,87.7,,,,,
"Dominican Republic","DOM","Subnat","DOMr102","Region I (Peravia, San Cristobal, San Jose de Ocoa, Azua)",,,,,,48.6,,,,,,55.7,,,,,51.6,,,,,,57.8,,,,,
"Dominican Republic","DOM","Subnat","DOMr103","Region II (Espaillat, Puerto Plata, Santiago)",,,,,,48.9,,,,,,59.6,,,,,61.0,,,,,,64.9,,,,,
"Dominican Republic","DOM","Subnat","DOMr104","Region III (Duarte, Maria Trinidad Sanchez, Salcedo, Samana)",,,,,,36.6,,,,,,46.2,,,,,45.8,,,,,,56.7,,,,,
"Dominican Republic","DOM","Subnat","DOMr105","Region IV (Independencia, Bahoruco, Barahona, Pedernales)",,,,,,63.1,,,,,,70.0,,,,,66.9,,,,,,79.0,,,,,
"Dominican Republic","DOM","Subnat","DOMr106","Region V (El Seibo, La Altagracia, La Romana, San Pedro de Macoris, Hato Mayor)",,,,,,60.3,,,,,,76.0,,,,,73.3,,,,,,76.7,,,,,
"Dominican Republic","DOM","Subnat","DOMr107","Region VI (San Juan, Elias Pina)",,,,,,36.8,,,,,,46.7,,,,,48.7,,,,,,64.7,,,,,
"Dominican Republic","DOM","Subnat","DOMr108","Region VII (Dajabon, Monte Cristi, Santiago Rodriguez, Valverde)",,,,,,58.2,,,,,,59.0,,,,,60.7,,,,,,63.3,,,,,
"Dominican Republic","DOM","Subnat","DOMr109","Region VIII (La Vega, Monsenor Nouel, Sanchez Ramirez)",,,,,,39.3,,,,,,49.8,,,,,48.8,,,,,,58.7,,,,,
"Ecuador","ECU","Subnat","ECUr101","Coste",,,,,,,,,,,,,,,,,71.0,,,,72.4,,,,,,,
"Ecuador","ECU","Subnat","ECUr103","Oriente",,,,,,,,,,,,,,,,,36.0,,,,43.6,,,,,,,
"Ecuador","ECU","Subnat","ECUr102","Sierra",,,,,,,,,,,,,,,,,59.6,,,,59.0,,,,,,,
"Egypt","EGY","Subnat","EGYr102","Alexandria",,,,,100,,,,,100,,,,,100,,,100,,,,,,99.3,,,,
"Egypt","EGY","Subnat","EGYr118","Assuit",,,,,17.5,,,,,28.7,,,,,23.3,,,30.8,,,,,,29.4,,,,
"Egypt","EGY","Subnat","EGYr121","Aswan",,,,,43.9,,,,,42.0,,,,,41.3,,,42.2,,,,,,38.0,,,,
"Egypt","EGY","Subnat","EGYr112","Behera",,,,,18.6,,,,,21.2,,,,,15.7,,,18.7,,,,,,16.9,,,,
"Egypt","EGY","Subnat","EGYr115","Beni Suef",,,,,17.8,,,,,16.9,,,,,22.3,,,20.5,,,,,,23.3,,,,
"Egypt","EGY","Subnat","EGYr101","Cairo",,,,,100,,,,,100,,,,,100,,,100,,,,,,100,,,,
"Egypt","EGY","Subnat","EGYr106","Dakahlia",,,,,37.2,,,,,29.1,,,,,31.3,,,27.9,,,,,,27.4,,,,
"Egypt","EGY","Subnat","EGYr105","Damietta",,,,,33.8,,,,,29.2,,,,,24.4,,,36.2,,,,,,22.2,,,,
"Egypt","EGY","Subnat","EGYr116","Fayoum",,,,,23.6,,,,,22.5,,,,,13.5,,,17.2,,,,,,17.4,,,,
"Egypt","EGY","Subnat","EGYr122","Frontier governorates (Red Sea, New Valley, Matroh, North Sainai, South Sainai)",,,,,61.5,,,,,59.1,,,,,60.6,,,67.2,,,,,,59.0,,,,
"Egypt","EGY","Subnat","EGYr110","Gharbia",,,,,33.5,,,,,35.2,,,,,32.7,,,27.6,,,,,,28.8,,,,
"Egypt","EGY","Subnat","EGYr114","Giza",,,,,62.8,,,,,57.0,,,,,60.5,,,60.3,,,,,,55.5,,,,
"Egypt","EGY","Subnat","EGYr113","Ismailia",,,,,64.6,,,,,46.4,,,,,55.1,,,54.4,,,,,,47.6,,,,
"Egypt","EGY","Subnat","EGYr109","Kafr El-Sheikh",,,,,18.2,,,,,24.5,,,,,10.7,,,22.8,,,,,,15.3,,,,
"Egypt","EGY","Subnat","EGYr108","Kalyubia",,,,,51.1,,,,,43.9,,,,,39.4,,,42.7,,,,,,27.1,,,,
"Egypt","EGY","Subnat","EGYr111","Menoufia",,,,,12.1,,,,,22.3,,,,,16.0,,,19.6,,,,,,20.0,,,,
"Egypt","EGY","Subnat","EGYr117","Menya",,,,,16.0,,,,,20.8,,,,,17.0,,,17.9,,,,,,16.9,,,,
"Egypt","EGY","Subnat","EGYr103","Port Said",,,,,100,,,,,100,,,,,100,,,100,,,,,,100,,,,
"Egypt","EGY","Subnat","EGYr120","Qena",,,,,23.2,,,,,20.6,,,,,28.1,,,22.6,,,,,,20.6,,,,
"Egypt","EGY","Subnat","EGYr107","Sharkia",,,,,15.3,,,,,19.7,,,,,21.7,,,18.4,,,,,,23.7,,,,
"Egypt","EGY","Subnat","EGYr119","Souhag",,,,,17.4,,,,,17.0,,,,,18.7,,,21.2,,,,,,24.0,,,,
"Egypt","EGY","Subnat","EGYr104","Suez",,,,,100,,,,,100,,,,,100,,,100,,,,,,100,,,,
"El Salvador","SLV","Subnat","SLVr102","Central I",,,,,,,,,,,,,,,,,78.2,,,,,82.7,,75.3,,,,
"El Salvador","SLV","Subnat","SLVr103","Central II",,,,,,,,,,,,,,,,,40.7,,,,,41.5,,46.7,,,,
"El Salvador","SLV","Subnat","SLVr101","Occidental",,,,,,,,,,,,,,,,,47.9,,,,,50.6,,59.6,,,,
"El Salvador","SLV","Subnat","SLVr104","Oriental",,,,,,,,,,,,,,,,,49.8,,,,,46.6,,43.1,,,,
"Equatorial Guinea","GNQ","Subnat","GNQr101","Annobon, Bioko",,,,,,,,,,84.9,,,,,,,,,,,,,,,,,,
"Equatorial Guinea","GNQ","Subnat","GNQr102","Centro Sur",,,,,,,,,,11.5,,,,,,,,,,,,,,,,,,
"Equatorial Guinea","GNQ","Subnat","GNQr103","Kie Ntem",,,,,,,,,,13.1,,,,,,,,,,,,,,,,,,
"Equatorial Guinea","GNQ","Subnat","GNQr104","Litoral",,,,,,,,,,63.4,,,,,,,,,,,,,,,,,,
"Equatorial Guinea","GNQ","Subnat","GNQr105","Wele Nzas",,,,,,,,,,10.3,,,,,,,,,,,,,,,,,,
"Eritrea","ERI","Subnat","ERIr104","Anseba",,,,,24.6,,,,,,,30.0,,,,,,,,,,,,,,,,
"Eritrea","ERI","Subnat","ERIr106","Debub (Southern)",,,,,10.8,,,,,,,20.1,,,,,,,,,,,,,,,,
"Eritrea","ERI","Subnat","ERIr101","Debubawi Keyih Bahri (Southern Red Sea)",,,,,27.0,,,,,,,60.1,,,,,,,,,,,,,,,,
"Eritrea","ERI","Subnat","ERIr105","Gash Barka",,,,,7.48,,,,,,,19.7,,,,,,,,,,,,,,,,
"Eritrea","ERI","Subnat","ERIr102","Maekel (Central including Asmara)",,,,,70.0,,,,,,,78.7,,,,,,,,,,,,,,,,
"Eritrea","ERI","Subnat","ERIr103","Semenawi Keyih Bahri (Northern Red Sea)",,,,,17.9,,,,,,,35.7,,,,,,,,,,,,,,,,
"Eswatini","SWZ","Subnat","SWZr101","Hhohho",,,,,,,,,,28.5,,,,,,26.3,,,,24.2,,,,25.8,,,,
"Eswatini","SWZ","Subnat","SWZr104","Lubombo",,,,,,,,,,17.0,,,,,,19.0,,,,18.0,,,,21.0,,,,
"Eswatini","SWZ","Subnat","SWZr102","Manzini",,,,,,,,,,29.4,,,,,,30.3,,,,41.1,,,,39.0,,,,
"Eswatini","SWZ","Subnat","SWZr103","Shiselweni",,,,,,,,,,3.41,,,,,,4.38,,,,4.27,,,,8.66,,,,
"Ethiopia","ETH","Subnat","ETHr110","Addis",,,,,,,,,,100,,,,,98.4,,,,,,100,,,,,100,,
"Ethiopia","ETH","Subnat","ETHr102","Affar",,,,,,,,,,13.3,,,,,14.2,,,,,,22.6,,,,,22.1,,
"Ethiopia","ETH","Subnat","ETHr103","Amhara",,,,,,,,,,9.00,,,,,7.67,,,,,,17.6,,,,,15.0,,
"Ethiopia","ETH","Subnat","ETHr106","Ben-Gumz",,,,,,,,,,8.18,,,,,6.84,,,,,,17.6,,,,,11.8,,
"Ethiopia","ETH","Subnat","ETHr111","Dire Dawa",,,,,,,,,,69.3,,,,,62.3,,,,,,63.2,,,,,61.7,,
"Ethiopia","ETH","Subnat","ETHr108","Gambela",,,,,,,,,,27.3,,,,,12.5,,,,,,29.0,,,,,38.7,,
"Ethiopia","ETH","Subnat","ETHr109","Harari",,,,,,,,,,52.6,,,,,56.9,,,,,,51.8,,,,,48.4,,
"Ethiopia","ETH","Subnat","ETHr104","Oromiya",,,,,,,,,,12.3,,,,,9.57,,,,,,11.4,,,,,9.90,,
"Ethiopia","ETH","Subnat","ETHr107","SNNP",,,,,,,,,,7.59,,,,,5.52,,,,,,12.0,,,,,9.40,,
"Ethiopia","ETH","Subnat","ETHr105","Somali",,,,,,,,,,35.3,,,,,12.6,,,,,,36.6,,,,,17.7,,
"Ethiopia","ETH","Subnat","ETHr101","Tigray",,,,,,,,,,21.5,,,,,16.1,,,,,,20.0,,,,,18.9,,
"Fiji","FJI","Subnat","FJIr108","Ba",,,,,,,,,,,,,,,,,52.0,,,,,,,,,,,
"Fiji","FJI","Subnat","FJIr106","Cakaudrove, Bua",,,,,,,,,,,,,,,,,12.1,,,,,,,,,,,
"Fiji","FJI","Subnat","FJIr105","Kadavu, Lau, Lomaiviti, Rotuma",,,,,,,,,,,,,,,,,12.6,,,,,,,,,,,
"Fiji","FJI","Subnat","FJIr107","Macuata",,,,,,,,,,,,,,,,,39.9,,,,,,,,,,,
"Fiji","FJI","Subnat","FJIr109","Nadroga or Navosa",,,,,,,,,,,,,,,,,16.2,,,,,,,,,,,
"Fiji","FJI","Subnat","FJIr101","Naitasiri",,,,,,,,,,,,,,,,,84.0,,,,,,,,,,,
"Fiji","FJI","Subnat","FJIr110","Ra",,,,,,,,,,,,,,,,,16.8,,,,,,,,,,,
"Fiji","FJI","Subnat","FJIr102","Rewa",,,,,,,,,,,,,,,,,88.0,,,,,,,,,,,
"Fiji","FJI","Subnat","FJIr103","Serua, Namosi",,,,,,,,,,,,,,,,,28.6,,,,,,,,,,,
"Fiji","FJI","Subnat","FJIr104","Tailevu",,,,,,,,,,,,,,,,,32.3,,,,,,,,,,,
"Gabon","GAB","Subnat","GABr101","Estuaire",,,,,,,,,,24.3,,,,,,,,,,,,61.2,,,,,,
"Gabon","GAB","Subnat","GABr102","Haut Ogooue",,,,,,,,,,71.6,,,,,,,,,,,,83.1,,,,,,
"Gabon","GAB","Subnat","GABr110","Libreville-Port Gentil",,,,,,,,,,100,,,,,,,,,,,,100,,,,,,
"Gabon","GAB","Subnat","GABr103","Moyen Ogooue",,,,,,,,,,51.5,,,,,,,,,,,,60.3,,,,,,
"Gabon","GAB","Subnat","GABr104","Ngounie",,,,,,,,,,46.8,,,,,,,,,,,,64.0,,,,,,
"Gabon","GAB","Subnat","GABr105","Nyanga",,,,,,,,,,62.1,,,,,,,,,,,,79.0,,,,,,
"Gabon","GAB","Subnat","GABr106","Ogooue Ivindo",,,,,,,,,,41.1,,,,,,,,,,,,58.5,,,,,,
"Gabon","GAB","Subnat","GABr107","Ogooue Lolo",,,,,,,,,,35.8,,,,,,,,,,,,58.0,,,,,,
"Gabon","GAB","Subnat","GABr108","Ogooue Maritime",,,,,,,,,,22.7,,,,,,,,,,,,68.4,,,,,,
"Gabon","GAB","Subnat","GABr109","Woleu Ntem",,,,,,,,,,34.2,,,,,,,,,,,,54.8,,,,,,
"Gambia","GMB","Subnat","GMBr101","Banjul LGA",,,,,,,,,,100,,,,,,100,,,,,,,100,,,,,
"Gambia","GMB","Subnat","GMBr107","Central River, Janjabureh LGA",,,,,,,,,,9.86,,,,,,7.22,,,,,,,17.3,,,,,
"Gambia","GMB","Subnat","GMBr106","Central River, Kuntaur LGA",,,,,,,,,,8.52,,,,,,7.18,,,,,,,4.80,,,,,
"Gambia","GMB","Subnat","GMBr102","Kanifing LGA",,,,,,,,,,100,,,,,,100,,,,,,,100,,,,,
"Gambia","GMB","Subnat","GMBr104","Lower River, Mansakonko LGA",,,,,,,,,,14.6,,,,,,28.7,,,,,,,16.5,,,,,
"Gambia","GMB","Subnat","GMBr105","North Bank, Kerewan LGA",,,,,,,,,,26.2,,,,,,20.8,,,,,,,17.6,,,,,
"Gambia","GMB","Subnat","GMBr108","Upper River, Basse LGA",,,,,,,,,,12.9,,,,,,10.8,,,,,,,7.51,,,,,
"Gambia","GMB","Subnat","GMBr103","Western, Brikama LGA",,,,,,,,,,18.2,,,,,,13.6,,,,,,,68.9,,,,,
"Georgia","GEO","Subnat","GEOr102","Ajaria",,,,,,,,,,,,,,,35.1,,,,,,,,,,,,,
"Georgia","GEO","Subnat","GEOr103","Guria",,,,,,,,,,,,,,,18.6,,,,,,,,,,,,,
"Georgia","GEO","Subnat","GEOr104","Imereti",,,,,,,,,,,,,,,41.1,,,,,,,,,,,,,
"Georgia","GEO","Subnat","GEOr105","Kakheti",,,,,,,,,,,,,,,15.9,,,,,,,,,,,,,
"Georgia","GEO","Subnat","GEOr106","Kvemo Kartli",,,,,,,,,,,,,,,32.6,,,,,,,,,,,,,
"Georgia","GEO","Subnat","GEOr107","Mtskheta-Mtianeti",,,,,,,,,,,,,,,15.7,,,,,,,,,,,,,
"Georgia","GEO","Subnat","GEOr108","Racha-Lochkhumi-Kvemo Svaneti",,,,,,,,,,,,,,,20.4,,,,,,,,,,,,,
"Georgia","GEO","Subnat","GEOr109","Samegrelo-Zemo Svateni",,,,,,,,,,,,,,,40.6,,,,,,,,,,,,,
"Georgia","GEO","Subnat","GEOr110","Samtskhe-Javakheti",,,,,,,,,,,,,,,24.3,,,,,,,,,,,,,
"Georgia","GEO","Subnat","GEOr111","Shida Kartli",,,,,,,,,,,,,,,31.5,,,,,,,,,,,,,
"Georgia","GEO","Subnat","GEOr112","Tbilisi",,,,,,,,,,,,,,,100,,,,,,,,,,,,,
"Ghana","GHA","Subnat","GHAr106","Ashanti",,,,,,,,32.1,,,,,50.9,,,52.0,,52.0,,,51.9,,,58.7,,,,
"Ghana","GHA","Subnat","GHAr107","Brong Ahafo",,,,,,,,24.2,,,,,38.8,,,38.8,,42.6,,,41.2,,,45.7,,,,
"Ghana","GHA","Subnat","GHAr102","Central",,,,,,,,28.5,,,,,31.5,,,37.6,,32.4,,,46.2,,,37.7,,,,
"Ghana","GHA","Subnat","GHAr105","Eastern",,,,,,,,27.8,,,,,34.7,,,32.1,,36.9,,,46.1,,,44.1,,,,
"Ghana","GHA","Subnat","GHAr103","Greater Accra",,,,,,,,84.6,,,,,86.9,,,87.3,,88.2,,,88.5,,,87.3,,,,
"Ghana","GHA","Subnat","GHAr108","Northern",,,,,,,,21.0,,,,,24.9,,,16.7,,28.9,,,31.0,,,25.1,,,,
"Ghana","GHA","Subnat","GHAr110","Upper East",,,,,,,,7.85,,,,,20.4,,,13.3,,12.1,,,17.5,,,20.2,,,,
"Ghana","GHA","Subnat","GHAr109","Upper West",,,,,,,,9.14,,,,,19.0,,,14.2,,22.3,,,20.2,,,17.1,,,,
"Ghana","GHA","Subnat","GHAr104","Volta",,,,,,,,14.2,,,,,25.7,,,27.9,,23.4,,,31.7,,,37.0,,,,
"Ghana","GHA","Subnat","GHAr101","Western",,,,,,,,20.4,,,,,35.8,,,35.2,,43.3,,,38.6,,,39.0,,,,
"Guatemala","GTM","Subnat","GTMr105","Central",,,,,46.1,,,,43.9,,,,,,,,40.0,,,,,44.7,,,54.2,,,
"Guatemala","GTM","Subnat","GTMr101","Metropolitan",,,,,75.7,,,,75.5,,,,,,,,89.3,,,,,86.9,,,80.4,,,
"Guatemala","GTM","Subnat","GTMr102","North",,,,,16.0,,,,17.8,,,,,,,,31.1,,,,,31.6,,,21.0,,,
"Guatemala","GTM","Subnat","GTMr107","North-Occidental",,,,,13.5,,,,12.9,,,,,,,,30.7,,,,,31.2,,,22.8,,,
"Guatemala","GTM","Subnat","GTMr103","North-Oriental",,,,,19.9,,,,31.3,,,,,,,,21.7,,,,,24.7,,,29.9,,,
"Guatemala","GTM","Subnat","GTMr108","Peten",,,,,,,,,19.9,,,,,,,,47.1,,,,,29.9,,,30.1,,,
"Guatemala","GTM","Subnat","GTMr106","South-Occidental",,,,,25.8,,,,26.2,,,,,,,,38.1,,,,,36.0,,,37.4,,,
"Guatemala","GTM","Subnat","GTMr104","South-Oriental",,,,,16.6,,,,31.7,,,,,,,,39.0,,,,,35.2,,,30.2,,,
"Guinea","GIN","Subnat","GINr101","Boke",,,,,,,,,,,,,,,26.4,,,,,,,34.2,,,,,,25.5
"Guinea","GIN","Subnat","GINr102","Conakry",,,,,,,,,,,,,,,100,,,,,,,100,,,,,,100
"Guinea","GIN","Subnat","GINr103","Faranah",,,,,,,,,,,,,,,20.5,,,,,,,19.4,,,,,,21.2
"Guinea","GIN","Subnat","GINr104","Kankan",,,,,,,,,,,,,,,13.2,,,,,,,13.7,,,,,,22.2
"Guinea","GIN","Subnat","GINr105","Kindia",,,,,,,,,,,,,,,17.2,,,,,,,23.1,,,,,,34.8
"Guinea","GIN","Subnat","GINr106","Labe",,,,,,,,,,,,,,,8.17,,,,,,,5.39,,,,,,11.6
"Guinea","GIN","Subnat","GINr107","Mamou",,,,,,,,,,,,,,,12.1,,,,,,,8.97,,,,,,12.9
"Guinea","GIN","Subnat","GINr108","N Zerekore",,,,,,,,,,,,,,,21.7,,,,,,,14.9,,,,,,23.5
"Guinea Bissau","GNB","Subnat","GNBr106","Bafata",,,,,,,,,,,,,,,,17.6,,,,,,,,21.3,,,,
"Guinea Bissau","GNB","Subnat","GNBr104","Biombo",,,,,,,,,,,,,,,,9.83,,,,,,,,10.9,,,,
"Guinea Bissau","GNB","Subnat","GNBr109","Bissau",,,,,,,,,,,,,,,,100,,,,,,,,100,,,,
"Guinea Bissau","GNB","Subnat","GNBr105","Bolama",,,,,,,,,,,,,,,,20.9,,,,,,,,24.7,,,,
"Guinea Bissau","GNB","Subnat","GNBr108","Cacheu",,,,,,,,,,,,,,,,15.8,,,,,,,,21.4,,,,
"Guinea Bissau","GNB","Subnat","GNBr107","Gabu",,,,,,,,,,,,,,,,14.5,,,,,,,,25.6,,,,
"Guinea Bissau","GNB","Subnat","GNBr103","Oio",,,,,,,,,,,,,,,,12.3,,,,,,,,17.5,,,,
"Guinea Bissau","GNB","Subnat","GNBr102","Quinara",,,,,,,,,,,,,,,,22.2,,,,,,,,21.2,,,,
"Guinea Bissau","GNB","Subnat","GNBr101","Tombali",,,,,,,,,,,,,,,,12.7,,,,,,,,11.2,,,,
"Guyana","GUY","Subnat","GUYr101","Barima-Waini",,,,,,,,,,,,,,,,0.00,,,0.00,,,,,0.00,,,,
"Guyana","GUY","Subnat","GUYr107","Cuyuni-Mazaruni",,,,,,,,,,,,,,,,0.00,,,0.00,,,,,0.00,,,,
"Guyana","GUY","Subnat","GUYr104","Demerara-Mahaica",,,,,,,,,,,,,,,,44.1,,,43.4,,,,,39.3,,,,
"Guyana","GUY","Subnat","GUYr106","East Berbice-Corentyne",,,,,,,,,,,,,,,,26.0,,,25.5,,,,,31.4,,,,
"Guyana","GUY","Subnat","GUYr103","Essequibo Islands-West Demerara",,,,,,,,,,,,,,,,0.00,,,0.00,,,,,0.00,,,,
"Guyana","GUY","Subnat","GUYr105","Mahaica-Berbice",,,,,,,,,,,,,,,,0.00,,,0.00,,,,,0.00,,,,
"Guyana","GUY","Subnat","GUYr102","Pomeroon-Supenaam",,,,,,,,,,,,,,,,21.7,,,26.6,,,,,28.6,,,,
"Guyana","GUY","Subnat","GUYr108","Potaro-Siparuni",,,,,,,,,,,,,,,,0.00,,,0.00,,,,,0.00,,,,
"Guyana","GUY","Subnat","GUYr110","Upper Demerara-Berbice",,,,,,,,,,,,,,,,63.8,,,73.3,,,,,72.8,,,,
"Guyana","GUY","Subnat","GUYr109","Upper Takutu-Upper Essequibo",,,,,,,,,,,,,,,,0.00,,,0.00,,,,,0.00,,,,
"Haiti","HTI","Subnat","HTIr105","Artibonite",,,,24.6,,,,,,12.2,,,,,32.0,,,,,,,24.9,,,,,32.9,
"Haiti","HTI","Subnat","HTIr110","Camps",,,,,,,,,,,,,,,,,,,,,,81.0,,,,,,
"Haiti","HTI","Subnat","HTIr106","Centre",,,,11.3,,,,,,12.0,,,,,15.3,,,,,,,18.8,,,,,21.1,
"Haiti","HTI","Subnat","HTIr108","Grande-Anse, Nippes",,,,9.54,,,,,,16.3,,,,,18.5,,,,,,,17.7,,,,,19.1,
"Haiti","HTI","Subnat","HTIr103","North",,,,28.8,,,,,,26.3,,,,,41.7,,,,,,,41.2,,,,,38.4,
"Haiti","HTI","Subnat","HTIr104","North-East",,,,24.3,,,,,,25.1,,,,,42.3,,,,,,,39.9,,,,,47.7,
"Haiti","HTI","Subnat","HTIr109","North-West",,,,19.9,,,,,,16.3,,,,,26.4,,,,,,,25.6,,,,,22.9,
"Haiti","HTI","Subnat","HTIr107","South",,,,18.8,,,,,,17.0,,,,,18.4,,,,,,,16.3,,,,,16.2,
"Haiti","HTI","Subnat","HTIr102","South-East",,,,8.24,,,,,,8.89,,,,,14.3,,,,,,,15.8,,,,,12.2,
"Haiti","HTI","Subnat","HTIr101","West (incl Metropolitain area)",,,,67.4,,,,,,68.0,,,,,58.2,,,,,,,62.2,,,,,60.8,
"Honduras","HND","Subnat","HNDr101","Atlantida",,,,,,,,,,,,,,,59.6,,,,,,57.7,,,,,,,
"Honduras","HND","Subnat","HNDr106","Choluteca",,,,,,,,,,,,,,,26.8,,,,,,32.5,,,,,,,
"Honduras","HND","Subnat","HNDr102","Colon",,,,,,,,,,,,,,,31.9,,,,,,36.8,,,,,,,
"Honduras","HND","Subnat","HNDr103","Comayagua",,,,,,,,,,,,,,,37.3,,,,,,42.6,,,,,,,
"Honduras","HND","Subnat","HNDr104","Copan",,,,,,,,,,,,,,,26.5,,,,,,38.1,,,,,,,
"Honduras","HND","Subnat","HNDr105","Cortes",,,,,,,,,,,,,,,74.3,,,,,,71.7,,,,,,,
"Honduras","HND","Subnat","HNDr107","El Paraiso",,,,,,,,,,,,,,,25.9,,,,,,27.6,,,,,,,
"Honduras","HND","Subnat","HNDr108","Francisco Morazan",,,,,,,,,,,,,,,77.0,,,,,,74.3,,,,,,,
"Honduras","HND","Subnat","HNDr109","Gracias a Dios",,,,,,,,,,,,,,,,,,,,,23.3,,,,,,,
"Honduras","HND","Subnat","HNDr110","Intibuca",,,,,,,,,,,,,,,15.4,,,,,,18.1,,,,,,,
"Honduras","HND","Subnat","HNDr111","Islas de la Bahia",,,,,,,,,,,,,,,,,,,,,59.2,,,,,,,
"Honduras","HND","Subnat","HNDr112","La Paz",,,,,,,,,,,,,,,19.3,,,,,,32.7,,,,,,,
"Honduras","HND","Subnat","HNDr113","Lempira",,,,,,,,,,,,,,,4.35,,,,,,9.67,,,,,,,
"Honduras","HND","Subnat","HNDr114","Ocotepeque",,,,,,,,,,,,,,,17.0,,,,,,29.8,,,,,,,
"Honduras","HND","Subnat","HNDr115","Olancho",,,,,,,,,,,,,,,23.3,,,,,,32.8,,,,,,,
"Honduras","HND","Subnat","HNDr116","Santa Barbara",,,,,,,,,,,,,,,25.9,,,,,,33.6,,,,,,,
"Honduras","HND","Subnat","HNDr117","Valle",,,,,,,,,,,,,,,33.4,,,,,,37.8,,,,,,,
"Honduras","HND","Subnat","HNDr118","Yoro",,,,,,,,,,,,,,,47.0,,,,,,45.1,,,,,,,
"India","IND","Subnat","INDr136","Andaman and Nicobar Islands",,,,,,,,,,,,,,,,,,,,,,,,,,42.0,,
"India","IND","Subnat","INDr101","Andhra Pradesh",,27.0,,,,,,,25.5,,,,,,,32.8,,,,,,34.3,,,,30.2,,
"India","IND","Subnat","INDr125","Arunachal Pradesh",,11.9,,,,,,,13.5,,,,,,,25.6,,,,,,20.6,,,,24.1,,
"India","IND","Subnat","INDr102","Assam",,11.8,,,,,,,7.98,,,,,,,17.4,,,,,,14.1,,,,13.7,,
"India","IND","Subnat","INDr103","Bihar",,15.6,,,,,,,11.2,,,,,,,18.2,,,,,,12.8,,,,12.7,,
"India","IND","Subnat","INDr131","Chandigarth",,,,,,,,,,,,,,,,,,,,,,0.00,,,,96.5,,
"India","IND","Subnat","INDr129","Chhattisgarh",,,,,,,,,,,,,,,,,,,,,,24.8,,,,23.2,,
"India","IND","Subnat","INDr132","Dadra and Nagar Haveli",,,,,,,,,,,,,,,,,,,,,,82.0,,,,44.6,,
"India","IND","Subnat","INDr134","Daman and Diu",,,,,,,,,,,,,,,,,,,,,,,,,,73.6,,
"India","IND","Subnat","INDr104","Goa",,47.5,,,,,,,40.2,,,,,,,55.1,,,,,,84.3,,,,62.4,,
"India","IND","Subnat","INDr105","Gujarat",,34.4,,,,,,,41.2,,,,,,,41.4,,,,,,44.4,,,,43.4,,
"India","IND","Subnat","INDr106","Haryana",,25.8,,,,,,,28.4,,,,,,,28.4,,,,,,28.9,,,,38.7,,
"India","IND","Subnat","INDr107","Himachal Pradesh",,9.14,,,,,,,9.21,,,,,,,10.6,,,,,,10.6,,,,9.57,,
"India","IND","Subnat","INDr108","Jammu and Kashmir",,16.8,,,,,,,20.3,,,,,,,27.3,,,,,,20.9,,,,29.6,,
"India","IND","Subnat","INDr128","Jharkhand",,,,,,,,,,,,,,,,,,,,,,16.6,,,,25.0,,
"India","IND","Subnat","INDr109","Karnataka",,32.2,,,,,,,34.5,,,,,,,38.7,,,,,,39.7,,,,42.0,,
"India","IND","Subnat","INDr110","Kerala",,27.6,,,,,,,23.2,,,,,,,33.9,,,,,,48.8,,,,46.9,,
"India","IND","Subnat","INDr135","Lakshadweep",,,,,,,,,,,,,,,,,,,,,,,,,,78.6,,
"India","IND","Subnat","INDr111","Madhya Pradesh",,24.0,,,,,,,25.4,,,,,,,25.3,,,,,,27.9,,,,28.9,,
"India","IND","Subnat","INDr112","Maharashtra",,42.2,,,,,,,42.7,,,,,,,48.3,,,,,,45.7,,,,47.3,,
"India","IND","Subnat","INDr113","Manipur",,32.6,,,,,,,32.6,,,,,,,32.0,,,,,,33.8,,,,38.8,,
"India","IND","Subnat","INDr114","Meghalaya",,21.3,,,,,,,20.2,,,,,,,23.7,,,,,,21.5,,,,19.9,,
"India","IND","Subnat","INDr115","Mizoram",,52.1,,,,,,,53.0,,,,,,,52.4,,,,,,52.7,,,,56.8,,
"India","IND","Subnat","INDr116","Nagaland",,20.7,,,,,,,20.0,,,,,,,26.1,,,,,,30.8,,,,34.6,,
"India","IND","Subnat","INDr124","New Delhi",,93.0,,,,,,,91.8,,,,,,,91.9,,,,,,97.9,,,,99.2,,
"India","IND","Subnat","INDr117","Orissa",,15.6,,,,,,,11.2,,,,,,,17.0,,,,,,17.6,,,,16.7,,
"India","IND","Subnat","INDr133","Puducherry",,,,,,,,,,,,,,,,,,,,,,78.8,,,,69.0,,
"India","IND","Subnat","INDr118","Punjab",,28.0,,,,,,,30.0,,,,,,,36.6,,,,,,38.8,,,,39.5,,
"India","IND","Subnat","INDr119","Rajasthan",,18.8,,,,,,,24.6,,,,,,,26.2,,,,,,25.2,,,,24.4,,
"India","IND","Subnat","INDr120","Sikkim",,,,,,,,,13.2,,,,,,,18.8,,,,,,27.1,,,,30.2,,
"India","IND","Subnat","INDr121","Tamil Nadu",,35.6,,,,,,,34.7,,,,,,,46.4,,,,,,51.0,,,,50.3,,
"India","IND","Subnat","INDr130","Telangana",,,,,,,,,,,,,,,,,,,,,,,,,,46.6,,
"India","IND","Subnat","INDr126","Tripura",,18.6,,,,,,,18.8,,,,,,,15.9,,,,,,27.0,,,,28.5,,
"India","IND","Subnat","INDr123","Uttar Pradesh",,21.2,,,,,,,20.6,,,,,,,24.2,,,,,,21.4,,,,25.0,,
"India","IND","Subnat","INDr127","Uttaranchal",,,,,,,,,,,,,,,,,,,,,,29.8,,,,35.3,,
"India","IND","Subnat","INDr122","West Bengal",,29.8,,,,,,,24.9,,,,,,,29.6,,,,,,31.3,,,,31.9,,
"Indonesia","IDN","Subnat","IDNr116","Bali",,,,,,,24.9,,,,,,51.9,,,,51.2,,,,,61.9,,,,,65.6,
"Indonesia","IDN","Subnat","IDNr109","Bangka Belitung",,,,,,,,,,,,,47.3,,,,56.5,,,,,46.8,,,,,45.3,
"Indonesia","IDN","Subnat","IDNr115","Banten",,,,,,,,,,,,,58.1,,,,58.4,,,,,67.9,,,,,65.9,
"Indonesia","IDN","Subnat","IDNr107","Bengkulu",,,,,,,22.0,,,,,,31.2,,,,28.8,,,,,28.2,,,,,31.3,
"Indonesia","IDN","Subnat","IDNr112","Central Java",,,,,,,27.0,,,,,,43.4,,,,42.0,,,,,45.3,,,,,45.3,
"Indonesia","IDN","Subnat","IDNr121","Central Kalimantan",,,,,,,12.9,,,,,,24.3,,,,23.6,,,,,34.4,,,,,27.6,
"Indonesia","IDN","Subnat","IDNr125","Central Sulawesi",,,,,,,14.8,,,,,,24.5,,,,20.2,,,,,22.9,,,,,25.0,
"Indonesia","IDN","Subnat","IDNr101","DI Aceh",,,,,,,12.6,,,,,,,,,,20.0,,,,,25.0,,,,,27.0,
"Indonesia","IDN","Subnat","IDNr113","DI Yogyakarta",,,,,,,45.9,,,,,,56.7,,,,60.2,,,,,67.0,,,,,67.5,
"Indonesia","IDN","Subnat","IDNr110","DKI Jakarta",,,,,,,100,,,,,,100,,,,100,,,,,100,,,,,100,
"Indonesia","IDN","Subnat","IDNr114","East Java",,,,,,,26.2,,,,,,44.2,,,,41.5,,,,,47.5,,,,,48.8,
"Indonesia","IDN","Subnat","IDNr123","East Kalimantan",,,,,,,49.1,,,,,,60.1,,,,53.3,,,,,61.8,,,,,57.4,
"Indonesia","IDN","Subnat","IDNr118","East Nusa Tenggara",,,,,,,9.01,,,,,,12.6,,,,15.2,,,,,17.9,,,,,19.2,
"Indonesia","IDN","Subnat","IDNr119","East Timor",,,,,,,8.10,,,,,,,,,,,,,,,,,,,,,
"Indonesia","IDN","Subnat","IDNr128","Gorontalo",,,,,,,,,,,,,26.0,,,,30.4,,,,,33.8,,,,,36.7,
"Indonesia","IDN","Subnat","IDNr130","Irian Jaya (Papua and Papua Barat)",,,,,,,21.9,,,,,,,,,,19.7,,,,,28.3,,,,,22.5,
"Indonesia","IDN","Subnat","IDNr105","Jambi",,,,,,,14.4,,,,,,31.5,,,,24.2,,,,,30.8,,,,,31.3,
"Indonesia","IDN","Subnat","IDNr108","Lampung",,,,,,,12.3,,,,,,27.1,,,,23.4,,,,,26.6,,,,,24.5,
"Indonesia","IDN","Subnat","IDNr129","Maluku",,,,,,,18.8,,,,,,,,,,25.4,,,,,33.7,,,,,32.4,
"Indonesia","IDN","Subnat","IDNr124","North Sulawesi",,,,,,,21.8,,,,,,36.3,,,,35.8,,,,,44.1,,,,,46.0,
"Indonesia","IDN","Subnat","IDNr102","North Sumatra",,,,,,,31.9,,,,,,47.1,,,,42.9,,,,,48.5,,,,,47.7,
"Indonesia","IDN","Subnat","IDNr104","Riau (incl. Riau islands)",,,,,,,35.9,,,,,,50.1,,,,35.5,,,,,49.8,,,,,46.7,
"Indonesia","IDN","Subnat","IDNr122","South Kalimantan",,,,,,,26.4,,,,,,39.3,,,,35.1,,,,,40.6,,,,,40.3,
"Indonesia","IDN","Subnat","IDNr126","South Sulawesi (incl Sulawesi Barat)",,,,,,,21.4,,,,,,50.3,,,,28.8,,,,,38.6,,,,,34.0,
"Indonesia","IDN","Subnat","IDNr106","South Sumatra",,,,,,,31.5,,,,,,33.2,,,,33.7,,,,,35.9,,,,,36.0,
"Indonesia","IDN","Subnat","IDNr127","Southeast Sulawesi",,,,,,,18.4,,,,,,18.0,,,,25.2,,,,,26.9,,,,,27.2,
"Indonesia","IDN","Subnat","IDNr111","West Java",,,,,,,33.3,,,,,,56.7,,,,50.2,,,,,66.4,,,,,66.1,
"Indonesia","IDN","Subnat","IDNr120","West Kalimantan",,,,,,,20.0,,,,,,25.1,,,,28.3,,,,,27.4,,,,,29.4,
"Indonesia","IDN","Subnat","IDNr117","West Nusa Tenggara",,,,,,,16.5,,,,,,35.7,,,,35.3,,,,,41.2,,,,,40.1,
"Indonesia","IDN","Subnat","IDNr103","West Sumatra",,,,,,,18.2,,,,,,40.0,,,,28.4,,,,,38.6,,,,,37.5,
"Iran","IRN","Subnat","IRNr125","Ardebil",,,,,,,,,,,,,,,,45.6,,,,,63.9,,,,,,,
"Iran","IRN","Subnat","IRNr119","Bushehr",,,,,,,,,,,,,,,,32.4,,,,,68.7,,,,,,,
"Iran","IRN","Subnat","IRNr115","Chaharmahal and Bakhtiyari",,,,,,,,,,,,,,,,41.4,,,,,58.0,,,,,,,
"Iran","IRN","Subnat","IRNr104","EastAzarbayejan",,,,,,,,,,,,,,,,63.3,,,,,69.1,,,,,,,
"Iran","IRN","Subnat","IRNr111","Esfahan",,,,,,,,,,,,,,,,73.0,,,,,85.6,,,,,,,
"Iran","IRN","Subnat","IRNr108","Fars",,,,,,,,,,,,,,,,51.4,,,,,67.7,,,,,,,
"Iran","IRN","Subnat","IRNr102","Gilan",,,,,,,,,,,,,,,,46.8,,,,,60.6,,,,,,,
"Iran","IRN","Subnat","IRNr128","Golestan",,,,,,,,,,,,,,,,28.1,,,,,50.6,,,,,,,
"Iran","IRN","Subnat","IRNr114","Hamedan",,,,,,,,,,,,,,,,39.1,,,,,58.8,,,,,,,
"Iran","IRN","Subnat","IRNr123","Hormozgan",,,,,,,,,,,,,,,,43.5,,,,,48.8,,,,,,,
"Iran","IRN","Subnat","IRNr117","Ilam",,,,,,,,,,,,,,,,57.7,,,,,64.7,,,,,,,
"Iran","IRN","Subnat","IRNr109","Kerman",,,,,,,,,,,,,,,,42.1,,,,,56.8,,,,,,,
"Iran","IRN","Subnat","IRNr106","Kermanshah",,,,,,,,,,,,,,,,64.7,,,,,70.4,,,,,,,
"Iran","IRN","Subnat","IRNr110","Khorasan-e-Razavi",,,,,,,,,,,,,,,,57.1,,,,,71.8,,,,,,,
"Iran","IRN","Subnat","IRNr107","Khuzestan",,,,,,,,,,,,,,,,50.3,,,,,71.2,,,,,,,
"Iran","IRN","Subnat","IRNr118","Kohgiluyeh and Boyerahmad",,,,,,,,,,,,,,,,39.3,,,,,52.3,,,,,,,
"Iran","IRN","Subnat","IRNr113","Kordestan",,,,,,,,,,,,,,,,57.9,,,,,66.5,,,,,,,
"Iran","IRN","Subnat","IRNr116","Lorestan",,,,,,,,,,,,,,,,57.3,,,,,60.3,,,,,,,
"Iran","IRN","Subnat","IRNr101","Markazi",,,,,,,,,,,,,,,,63.8,,,,,73.5,,,,,,,
"Iran","IRN","Subnat","IRNr103","Mazandaran",,,,,,,,,,,,,,,,50.5,,,,,54.9,,,,,,,
"Iran","IRN","Subnat","IRNr129","North Khorasan",,,,,,,,,,,,,,,,45.0,,,,,50.8,,,,,,,
"Iran","IRN","Subnat","IRNr127","Qazvin",,,,,,,,,,,,,,,,20.9,,,,,74.2,,,,,,,
"Iran","IRN","Subnat","IRNr126","Qom",,,,,,,,,,,,,,,,0.00,,,,,95.5,,,,,,,
"Iran","IRN","Subnat","IRNr121","Semnan",,,,,,,,,,,,,,,,72.5,,,,,76.2,,,,,,,
"Iran","IRN","Subnat","IRNr112","Sistanand Baluchestan",,,,,,,,,,,,,,,,44.9,,,,,49.2,,,,,,,
"Iran","IRN","Subnat","IRNr130","South Khorasan",,,,,,,,,,,,,,,,45.7,,,,,53.8,,,,,,,
"Iran","IRN","Subnat","IRNr124","Tehran and Alborz",,,,,,,,,,,,,,,,13.7,,,,,92.6,,,,,,,
"Iran","IRN","Subnat","IRNr105","WestAzarbayejan",,,,,,,,,,,,,,,,37.5,,,,,62.4,,,,,,,
"Iran","IRN","Subnat","IRNr122","Yazd",,,,,,,,,,,,,,,,58.5,,,,,83.2,,,,,,,
"Iran","IRN","Subnat","IRNr120","Zanjan",,,,,,,,,,,,,,,,50.2,,,,,62.6,,,,,,,
"Iraq","IRQ","Subnat","IRQr107","Anbar",,,,,,,,,,,,,,,,51.0,,,,,48.3,,,,,,,43.4
"Iraq","IRQ","Subnat","IRQr109","Babylon",,,,,,,,,,,,,,,,41.7,,,,,47.1,,,,,,,45.1
"Iraq","IRQ","Subnat","IRQr108","Baghdad",,,,,,,,,,,,,,,,85.4,,,,,88.0,,,,,,,86.5
"Iraq","IRQ","Subnat","IRQr118","Basra",,,,,,,,,,,,,,,,76.9,,,,,81.0,,,,,,,72.6
"Iraq","IRQ","Subnat","IRQr106","Diala",,,,,,,,,,,,,,,,39.9,,,,,50.2,,,,,,,49.2
"Iraq","IRQ","Subnat","IRQr101","Dohouk",,,,,,,,,,,,,,,,73.1,,,,,72.6,,,,,,,73.7
"Iraq","IRQ","Subnat","IRQr105","Erbil",,,,,,,,,,,,,,,,79.5,,,,,75.8,,,,,,,61.7
"Iraq","IRQ","Subnat","IRQr110","Kerbela",,,,,,,,,,,,,,,,60.7,,,,,64.2,,,,,,,63.7
"Iraq","IRQ","Subnat","IRQr117","Maysan",,,,,,,,,,,,,,,,65.5,,,,,72.5,,,,,,,68.5
"Iraq","IRQ","Subnat","IRQr115","Muthanna",,,,,,,,,,,,,,,,39.0,,,,,43.7,,,,,,,67.7
"Iraq","IRQ","Subnat","IRQr113","Najaf",,,,,,,,,,,,,,,,65.7,,,,,73.3,,,,,,,68.7
"Iraq","IRQ","Subnat","IRQr102","Nenava",,,,,,,,,,,,,,,,56.5,,,,,62.9,,,,,,,83.0
"Iraq","IRQ","Subnat","IRQr114","Qadisiya",,,,,,,,,,,,,,,,48.3,,,,,58.3,,,,,,,51.6
"Iraq","IRQ","Subnat","IRQr112","Salaheldeen",,,,,,,,,,,,,,,,41.3,,,,,45.6,,,,,,,48.1
"Iraq","IRQ","Subnat","IRQr103","Suleimaniya",,,,,,,,,,,,,,,,77.0,,,,,85.8,,,,,,,88.8
"Iraq","IRQ","Subnat","IRQr104","Ta-amem-Karkuk",,,,,,,,,,,,,,,,62.8,,,,,85.5,,,,,,,72.3
"Iraq","IRQ","Subnat","IRQr116","Thi-Qar",,,,,,,,,,,,,,,,54.4,,,,,65.0,,,,,,,70.3
"Iraq","IRQ","Subnat","IRQr111","Wasit",,,,,,,,,,,,,,,,51.3,,,,,59.9,,,,,,,57.7
"Jamaica","JAM","Subnat","JAMr101","Kingston, St Andrew",,,,,,,,,,,,,,,86.6,,,,,,95.2,,,,,,,
"Jamaica","JAM","Subnat","JAMr106","Manchester, Clarendon",,,,,,,,,,,,,,,34.6,,,,,,40.1,,,,,,,
"Jamaica","JAM","Subnat","JAMr103","St Ann, St Catherine",,,,,,,,,,,,,,,71.9,,,,,,56.6,,,,,,,
"Jamaica","JAM","Subnat","JAMr105","St James, Hanover, Westmoreland",,,,,,,,,,,,,,,49.5,,,,,,46.2,,,,,,,
"Jamaica","JAM","Subnat","JAMr102","St Thomas, Portland, St Mary",,,,,,,,,,,,,,,30.6,,,,,,18.5,,,,,,,
"Jamaica","JAM","Subnat","JAMr104","Trelawny, St Elizabeth",,,,,,,,,,,,,,,24.6,,,,,,18.4,,,,,,,
"Jordan","JOR","Subnat","JORr108","Aljoun",,,,,,,,,,,,68.6,,,,,75.3,,,,,76.5,,,,,82.4,
"Jordan","JOR","Subnat","JORr101","Amman",,,,,,,,,,,,91.2,,,,,94.5,,,,,93.5,,,,,97.5,
"Jordan","JOR","Subnat","JORr112","Aqaba",,,,,,,,,,,,86.1,,,,,86.4,,,,,87.8,,,,,86.6,
"Jordan","JOR","Subnat","JORr102","Balqa",,,,,,,,,,,,63.3,,,,,73.3,,,,,72.6,,,,,81.7,
"Jordan","JOR","Subnat","JORr105","Irbid",,,,,,,,,,,,76.6,,,,,83.0,,,,,83.0,,,,,91.2,
"Jordan","JOR","Subnat","JORr107","Jarash",,,,,,,,,,,,49.6,,,,,63.2,,,,,61.2,,,,,74.0,
"Jordan","JOR","Subnat","JORr109","Karak",,,,,,,,,,,,35.6,,,,,32.4,,,,,37.8,,,,,58.2,
"Jordan","JOR","Subnat","JORr111","Ma'an",,,,,,,,,,,,40.3,,,,,56.9,,,,,61.6,,,,,64.8,
"Jordan","JOR","Subnat","JORr104","Madaba",,,,,,,,,,,,51.7,,,,,69.9,,,,,69.3,,,,,76.5,
"Jordan","JOR","Subnat","JORr106","Mafraq",,,,,,,,,,,,31.1,,,,,40.9,,,,,41.7,,,,,65.3,
"Jordan","JOR","Subnat","JORr110","Tafiela",,,,,,,,,,,,71.8,,,,,71.1,,,,,71.5,,,,,78.0,
"Jordan","JOR","Subnat","JORr103","Zarqa",,,,,,,,,,,,95.7,,,,,95.5,,,,,94.1,,,,,95.6,
"Kazakhstan","KAZ","Subnat","KAZr101","Almaty city",,,,,100,,,,100,,,,,,,100,,,,100,,,,,100,,,
"Kazakhstan","KAZ","Subnat","KAZr104","Central region (Karagandinskaya)",,,,,47.9,,,,80.5,,,,,,,84.8,,,,76.8,,,,,76.4,,,
"Kazakhstan","KAZ","Subnat","KAZr106","East region (East-Kazakhstanskaya)",,,,,45.5,,,,57.7,,,,,,,58.9,,,,58.2,,,,,59.4,,,
"Kazakhstan","KAZ","Subnat","KAZr105","North region (Akmolinskaya (incl Astana city), Kostnaiskaya, Pavlodarskaya, North-Kazakhstanskaya)",,,,,56.8,,,,41.3,,,,,,,55.7,,,,59.0,,,,,67.0,,,
"Kazakhstan","KAZ","Subnat","KAZr102","South region (Almatinskaya, Zhambylskaya, Kyzylordinskaya, South-Kazakhstanskaya)",,,,,32.7,,,,30.7,,,,,,,40.3,,,,35.4,,,,,31.1,,,
"Kazakhstan","KAZ","Subnat","KAZr103","West region (Aktyubinskaya, Atyrauskaya, Mangistauskaya, West-Kazakhstanskaya)",,,,,46.8,,,,48.6,,,,,,,55.5,,,,51.3,,,,,45.5,,,
"Kenya","KEN","Subnat","KENr102","Central",,,6.52,,,,,6.95,,,,,11.4,,,,,13.7,,,,,,37.8,,,,
"Kenya","KEN","Subnat","KENr103","Coast",,,23.8,,,,,36.9,,,,,38.1,,,,,49.2,,,,,,41.8,,,,
"Kenya","KEN","Subnat","KENr104","Eastern",,,4.88,,,,,8.43,,,,,5.54,,,,,8.06,,,,,,23.8,,,,
"Kenya","KEN","Subnat","KENr101","Nairobi",,,100,,,,,100,,,,,100,,,,,100,,,,,,100,,,,
"Kenya","KEN","Subnat","KENr108","North Eastern",,,,,,,,,,,,,19.3,,,,,15.8,,,,,,30.4,,,,
"Kenya","KEN","Subnat","KENr105","Nyanza",,,5.74,,,,,11.0,,,,,10.1,,,,,9.75,,,,,,27.0,,,,
"Kenya","KEN","Subnat","KENr106","Rift Valley",,,11.8,,,,,11.7,,,,,16.0,,,,,12.8,,,,,,26.5,,,,
"Kenya","KEN","Subnat","KENr107","Western",,,7.55,,,,,9.17,,,,,8.07,,,,,9.20,,,,,,15.2,,,,
"Kosovo","XKO","Subnat","KSVr107","Ferizaj",,,,,,,,,,,,,,,,,,,,,,,,29.2,,,,
"Kosovo","XKO","Subnat","KSVr101","Gjakova",,,,,,,,,,,,,,,,,,,,,,,,32.1,,,,
"Kosovo","XKO","Subnat","KSVr102","Gjilan",,,,,,,,,,,,,,,,,,,,,,,,39.3,,,,
"Kosovo","XKO","Subnat","KSVr103","Mitrovica",,,,,,,,,,,,,,,,,,,,,,,,43.5,,,,
"Kosovo","XKO","Subnat","KSVr104","Peja",,,,,,,,,,,,,,,,,,,,,,,,33.3,,,,
"Kosovo","XKO","Subnat","KSVr106","Pristina",,,,,,,,,,,,,,,,,,,,,,,,40.0,,,,
"Kosovo","XKO","Subnat","KSVr105","Prizren",,,,,,,,,,,,,,,,,,,,,,,,38.5,,,,
"Kuwait","KWT","Subnat","KWTr102","Ahmadi",,,,,,,,,,,,,,,,,,,,,,,,100,,,,
"Kuwait","KWT","Subnat","KWTr101","Al Asimah, Hawalli, Al-Farwaniyah, Mubarak al-Sabah",,,,,,,,,,,,,,,,,,,,,,,,100,,,,
"Kuwait","KWT","Subnat","KWTr103","Al-Jahra",,,,,,,,,,,,,,,,,,,,,,,,100,,,,
"Kyrgyzstan","KGZ","Subnat","KGZr108","Batken",,,,,,,,,,,,,,,,27.4,,,,,,23.5,,23.6,,,,24.5
"Kyrgyzstan","KGZ","Subnat","KGZr101","Bishkek",,,,,,,100,,,,,,,,,100,,,,,,99.7,,100,,,,100
"Kyrgyzstan","KGZ","Subnat","KGZr103","East (Naryn)",,,,,,,20.3,,,,,,,,,23.3,,,,,,17.0,,18.5,,,,19.2
"Kyrgyzstan","KGZ","Subnat","KGZr105","Jalal-Abad",,,,,,,,,,,,,,,,23.6,,,,,,22.8,,20.2,,,,19.7
"Kyrgyzstan","KGZ","Subnat","KGZr107","Naryn",,,,,,,,,,,,,,,,19.0,,,,,,15.3,,14.7,,,,13.2
"Kyrgyzstan","KGZ","Subnat","KGZr102","North (Issyk-Kul, Chuy, Talas)",,,,,,,19.3,,,,,,,,,30.8,,,,,,25.8,,29.7,,,,28.4
"Kyrgyzstan","KGZ","Subnat","KGZr106","Osh",,,,,,,,,,,,,,,,25.4,,,,,,21.7,,23.9,,,,23.0
"Kyrgyzstan","KGZ","Subnat","KGZr104","South (Osh, Batken, Jalal-Abad)",,,,,,,23.0,,,,,,,,,18.1,,,,,,16.2,,16.8,,,,14.7
"Lao","LAO","Subnat","LAOr117","Attapeu",,,,,,,,,,,,,,,,,,,,,,20.8,,,,,39.0,
"Lao","LAO","Subnat","LAOr105","Bokeo",,,,,,,,,,,,,,,,,,,,,,18.2,,,,,24.1,
"Lao","LAO","Subnat","LAOr111","Borikhamxay",,,,,,,,,,,,,,,,,,,,,,29.3,,,,,34.8,
"Lao","LAO","Subnat","LAOr116","Champasack",,,,,,,,,,,,,,,,,,,,,,18.3,,,,,20.7,
"Lao","LAO","Subnat","LAOr107","Huaphanh",,,,,,,,,,,,,,,,,,,,,,11.1,,,,,10.8,
"Lao","LAO","Subnat","LAOr112","Khammuane",,,,,,,,,,,,,,,,,,,,,,16.4,,,,,24.1,
"Lao","LAO","Subnat","LAOr103","Luangnamtha",,,,,,,,,,,,,,,,,,,,,,21.4,,,,,28.5,
"Lao","LAO","Subnat","LAOr106","Luangprabang",,,,,,,,,,,,,,,,,,,,,,20.5,,,,,26.4,
"Lao","LAO","Subnat","LAOr104","Oudomxay",,,,,,,,,,,,,,,,,,,,,,16.5,,,,,26.4,
"Lao","LAO","Subnat","LAOr102","Phongsaly",,,,,,,,,,,,,,,,,,,,,,14.7,,,,,18.3,
"Lao","LAO","Subnat","LAOr114","Saravane",,,,,,,,,,,,,,,,,,,,,,5.86,,,,,14.0,
"Lao","LAO","Subnat","LAOr113","Savannakhet",,,,,,,,,,,,,,,,,,,,,,24.8,,,,,24.8,
"Lao","LAO","Subnat","LAOr108","Sayabury",,,,,,,,,,,,,,,,,,,,,,27.9,,,,,37.5,
"Lao","LAO","Subnat","LAOr115","Sekong",,,,,,,,,,,,,,,,,,,,,,22.9,,,,,34.4,
"Lao","LAO","Subnat","LAOr101","Vientiane Municipality",,,,,,,,,,,,,,,,,,,,,,67.7,,,,,70.4,
"Lao","LAO","Subnat","LAOr110","Vientiane Province",,,,,,,,,,,,,,,,,,,,,,20.5,,,,,26.1,
"Lao","LAO","Subnat","LAOr109","Xiengkhuang",,,,,,,,,,,,,,,,,,,,,,25.4,,,,,32.3,
"Lebanon","LBN","Subnat","LBNr101","Beirut",,,,,,,,,,,,,,,,,,,,,,,100,,,,,
"Lebanon","LBN","Subnat","LBNr104","Beqaa",,,,,,,,,,,,,,,,,,,,,,,86.2,,,,,
"Lebanon","LBN","Subnat","LBNr102","Mount Lebanon",,,,,,,,,,,,,,,,,,,,,,,95.9,,,,,
"Lebanon","LBN","Subnat","LBNr103","Northern",,,,,,,,,,,,,,,,,,,,,,,88.4,,,,,
"Lebanon","LBN","Subnat","LBNr105","Southern, Nabtieh",,,,,,,,,,,,,,,,,,,,,,,66.4,,,,,
"Lesotho","LSO","Subnat","LSOr103","Berea",,,,,,,,,,,,,,8.20,,,,,,30.2,,,,28.1,,,,
"Lesotho","LSO","Subnat","LSOr101","Butha-Buthe",,,,,,,,,,,,,,19.5,,,,,,17.5,,,,16.0,,,,
"Lesotho","LSO","Subnat","LSOr102","Leribe",,,,,,,,,,,,,,16.6,,,,,,22.4,,,,24.6,,,,
"Lesotho","LSO","Subnat","LSOr105","Mafeteng",,,,,,,,,,,,,,5.94,,,,,,15.3,,,,24.1,,,,
"Lesotho","LSO","Subnat","LSOr104","Maseru",,,,,,,,,,,,,,40.7,,,,,,42.1,,,,52.6,,,,
"Lesotho","LSO","Subnat","LSOr106","Mohale s Hoek",,,,,,,,,,,,,,12.2,,,,,,15.0,,,,13.3,,,,
"Lesotho","LSO","Subnat","LSOr109","Mokhotlong",,,,,,,,,,,,,,5.92,,,,,,10.2,,,,9.32,,,,
"Lesotho","LSO","Subnat","LSOr108","Qasha s Nek",,,,,,,,,,,,,,7.80,,,,,,17.0,,,,19.5,,,,
"Lesotho","LSO","Subnat","LSOr107","Quthing",,,,,,,,,,,,,,7.87,,,,,,10.8,,,,10.2,,,,
"Lesotho","LSO","Subnat","LSOr110","Thaba-Tseka",,,,,,,,,,,,,,3.16,,,,,,3.95,,,,4.97,,,,
"Liberia","LBR","Subnat","LBRr201"," Monrovia",,,,,,,,,,,,,,,,,100,,,,,,100,,,,,
"Liberia","LBR","Subnat","LBRr206"," North Central",,,,,,,,,,,,,,,,,9.43,,,,,,47.8,,,,,
"Liberia","LBR","Subnat","LBRr202"," North Western",,,,,,,,,,,,,,,,,13.0,,,,,,14.2,,,,,
"Liberia","LBR","Subnat","LBRr203"," South Central",,,,,,,,,,,,,,,,,19.0,,,,,,38.9,,,,,
"Liberia","LBR","Subnat","LBRr204"," South Eastern A",,,,,,,,,,,,,,,,,20.8,,,,,,23.9,,,,,
"Liberia","LBR","Subnat","LBRr205"," South Eastern B",,,,,,,,,,,,,,,,,13.4,,,,,,28.9,,,,,
"Liberia","LBR","Subnat","LBRr101","Bomi",,,,,,,,,,,,,,,,,,,,,,,22.6,,,,,
"Liberia","LBR","Subnat","LBRr102","Bong",,,,,,,,,,,,,,,,,,,,,,,38.9,,,,,
"Liberia","LBR","Subnat","LBRr103","Gbarpolu",,,,,,,,,,,,,,,,,,,,,,,20.5,,,,,
"Liberia","LBR","Subnat","LBRr104","Grand Bassa",,,,,,,,,,,,,,,,,,,,,,,35.2,,,,,
"Liberia","LBR","Subnat","LBRr105","Grand Cape Mount",,,,,,,,,,,,,,,,,,,,,,,6.15,,,,,
"Liberia","LBR","Subnat","LBRr106","Grand Gedeh",,,,,,,,,,,,,,,,,,,,,,,46.6,,,,,
"Liberia","LBR","Subnat","LBRr107","Grand Kru",,,,,,,,,,,,,,,,,,,,,,,4.58,,,,,
"Liberia","LBR","Subnat","LBRr108","Lofa",,,,,,,,,,,,,,,,,,,,,,,30.9,,,,,
"Liberia","LBR","Subnat","LBRr109","Margibi",,,,,,,,,,,,,,,,,,,,,,,43.0,,,,,
"Liberia","LBR","Subnat","LBRr110","Maryland",,,,,,,,,,,,,,,,,,,,,,,52.4,,,,,
"Liberia","LBR","Subnat","LBRr111","Montserrado",,,,,,,,,,,,,,,,,,,,,,,93.4,,,,,
"Liberia","LBR","Subnat","LBRr112","Nimba",,,,,,,,,,,,,,,,,,,,,,,61.9,,,,,
"Liberia","LBR","Subnat","LBRr113","River Cess",,,,,,,,,,,,,,,,,,,,,,,4.44,,,,,
"Liberia","LBR","Subnat","LBRr114","River Gee",,,,,,,,,,,,,,,,,,,,,,,23.9,,,,,
"Liberia","LBR","Subnat","LBRr115","Sinoe",,,,,,,,,,,,,,,,,,,,,,,17.5,,,,,
"Libya","LBY","Subnat","LBYr101","Cyrenaica",,,,,,,,,,,,,,,,,,,,,,,,83.2,,,,
"Libya","LBY","Subnat","LBYr103","Fezzan",,,,,,,,,,,,,,,,,,,,,,,,76.6,,,,
"Libya","LBY","Subnat","LBYr102","Tripolitania",,,,,,,,,,,,,,,,,,,,,,,,86.0,,,,
"Madagascar","MDG","Subnat","MDGr201"," Antananarivo",,24.0,,,,,31.8,,,,,,,27.4,,,,,20.5,,,,,,,,,27.7
"Madagascar","MDG","Subnat","MDGr206"," Antsiranana",,27.0,,,,,20.1,,,,,,,13.1,,,,,18.9,,,,,,,,,33.2
"Madagascar","MDG","Subnat","MDGr202"," Fianarantsoa",,10.4,,,,,18.0,,,,,,,18.3,,,,,9.26,,,,,,,,,17.3
"Madagascar","MDG","Subnat","MDGr204"," Mahajanga",,7.86,,,,,22.8,,,,,,,17.8,,,,,10.6,,,,,,,,,21.5
"Madagascar","MDG","Subnat","MDGr203"," Toamasina",,12.4,,,,,23.3,,,,,,,21.5,,,,,14.2,,,,,,,,,25.5
"Madagascar","MDG","Subnat","MDGr205"," Toliary",,11.6,,,,,23.8,,,,,,,23.2,,,,,7.77,,,,,,,,,17.9
"Madagascar","MDG","Subnat","MDGr112","Alaotra Mangoro",,,,,,,,,,,,,,,,,,,8.72,,,,,,,,,15.5
"Madagascar","MDG","Subnat","MDGr101","Analamanga",,,,,,,,,,,,,,,,,,,33.0,,,,,,,,,36.0
"Madagascar","MDG","Subnat","MDGr111","Analanjirofo",,,,,,,,,,,,,,,,,,,6.89,,,,,,,,,22.0
"Madagascar","MDG","Subnat","MDGr106","Anamoroni Mania",,,,,,,,,,,,,,,,,,,5.49,,,,,,,,,13.8
"Madagascar","MDG","Subnat","MDGr118","Androy",,,,,,,,,,,,,,,,,,,0.00,,,,,,,,,19.1
"Madagascar","MDG","Subnat","MDGr119","Anosy",,,,,,,,,,,,,,,,,,,8.29,,,,,,,,,23.6
"Madagascar","MDG","Subnat","MDGr117","Atsimo Andrefana",,,,,,,,,,,,,,,,,,,10.5,,,,,,,,,14.6
"Madagascar","MDG","Subnat","MDGr109","Atsimo Atsinanana",,,,,,,,,,,,,,,,,,,7.50,,,,,,,,,12.1
"Madagascar","MDG","Subnat","MDGr110","Atsinanana",,,,,,,,,,,,,,,,,,,27.4,,,,,,,,,36.6
"Madagascar","MDG","Subnat","MDGr115","Betsiboka",,,,,,,,,,,,,,,,,,,4.19,,,,,,,,,15.6
"Madagascar","MDG","Subnat","MDGr113","Boeny",,,,,,,,,,,,,,,,,,,22.1,,,,,,,,,38.6
"Madagascar","MDG","Subnat","MDGr104","Bongolava",,,,,,,,,,,,,,,,,,,6.95,,,,,,,,,9.16
"Madagascar","MDG","Subnat","MDGr121","Diana",,,,,,,,,,,,,,,,,,,32.1,,,,,,,,,46.1
"Madagascar","MDG","Subnat","MDGr105","Haute Matsiatra",,,,,,,,,,,,,,,,,,,17.8,,,,,,,,,25.1
"Madagascar","MDG","Subnat","MDGr108","Ihorombe",,,,,,,,,,,,,,,,,,,8.73,,,,,,,,,22.2
"Madagascar","MDG","Subnat","MDGr103","Itasy",,,,,,,,,,,,,,,,,,,4.55,,,,,,,,,17.2
"Madagascar","MDG","Subnat","MDGr116","Melaky",,,,,,,,,,,,,,,,,,,5.17,,,,,,,,,23.5
"Madagascar","MDG","Subnat","MDGr120","Menabe",,,,,,,,,,,,,,,,,,,10.3,,,,,,,,,18.2
"Madagascar","MDG","Subnat","MDGr122","Sava",,,,,,,,,,,,,,,,,,,12.0,,,,,,,,,19.2
"Madagascar","MDG","Subnat","MDGr114","Sofia",,,,,,,,,,,,,,,,,,,6.23,,,,,,,,,13.4
"Madagascar","MDG","Subnat","MDGr102","Vakinankaratra",,,,,,,,,,,,,,,,,,,11.5,,,,,,,,,24.7
"Madagascar","MDG","Subnat","MDGr107","Vatovavy Fitovinany",,,,,,,,,,,,,,,,,,,4.44,,,,,,,,,14.6
"Malawi","MWI","Subnat","MWIr101","Blantyre",,65.6,,,,,,,,64.5,,,,55.5,,,,,,73.5,,,,,,63.4,,
"Malawi","MWI","Subnat","MWIr102","Kasungu",,0.00,,,,,,,,5.60,,,,5.70,,,,,,9.79,,,,,,7.71,,
"Malawi","MWI","Subnat","MWIr109","Lilongwe",,26.6,,,,,,,,28.8,,,,39.6,,,,,,41.2,,,,,,33.3,,
"Malawi","MWI","Subnat","MWIr103","Machinga",,4.64,,,,,,,,4.61,,,,7.87,,,,,,10.7,,,,,,4.53,,
"Malawi","MWI","Subnat","MWIr104","Mangochi",,5.41,,,,,,,,6.60,,,,6.38,,,,,,7.43,,,,,,4.26,,
"Malawi","MWI","Subnat","MWIr110","Mulanje",,0.00,,,,,,,,3.00,,,,6.07,,,,,,2.43,,,,,,2.00,,
"Malawi","MWI","Subnat","MWIr105","Mzimba",,14.0,,,,,,,,18.1,,,,16.9,,,,,,3.40,,,,,,19.1,,
"Malawi","MWI","Subnat","MWIr112","Other central (Nkhota Kota, Mchinji, Dowa, Ntchisi, Dedza, Ntcheu)",,4.40,,,,,,,,1.72,,,,0.48,,,,,,5.02,,,,,,3.74,,
"Malawi","MWI","Subnat","MWIr111","Other northern (Chitipa, Karonga, Rumphi, Nkhata Bay)",,8.46,,,,,,,,21.1,,,,16.0,,,,,,13.0,,,,,,11.0,,
"Malawi","MWI","Subnat","MWIr113","Other southern (Balaka, Mwanza, Phalombe, Chiradzulu, Chikwawa, Nsanje, neno)",,1.89,,,,,,,,0.32,,,,9.35,,,,,,4.59,,,,,,4.10,,
"Malawi","MWI","Subnat","MWIr106","Salima",,17.0,,,,,,,,8.55,,,,11.1,,,,,,11.8,,,,,,6.46,,
"Malawi","MWI","Subnat","MWIr107","Thyolo",,6.68,,,,,,,,2.66,,,,3.27,,,,,,1.69,,,,,,2.63,,
"Malawi","MWI","Subnat","MWIr108","Zomba",,11.9,,,,,,,,9.91,,,,12.9,,,,,,13.3,,,,,,14.8,,
"Malaysia","MYS","Subnat","MYSr203"," Central (Perak, Selangor, Wilayah Persekutuan)",,,,,,,,,,,,,,,,,,,,,65.2,,,,,,,
"Malaysia","MYS","Subnat","MYSr202"," East (Kelantan, Terengganu, Pahang)",,,,,,,,,,,,,,,,,,,,,27.5,,,,,,,
"Malaysia","MYS","Subnat","MYSr205"," East Malaysia (Saba, Sarawak)",,,,,,,,,,,,,,,,,,,,,23.5,,,,,,,
"Malaysia","MYS","Subnat","MYSr201"," North (Perlis, Kedah, Penang)",,,,,,,,,,,,,,,,,,,,,39.6,,,,,,,
"Malaysia","MYS","Subnat","MYSr204"," South (Negeri Sembilan, Melaka, Johor)",,,,,,,,,,,,,,,,,,,,,54.3,,,,,,,
"Malaysia","MYS","Subnat","MYSr101","Johor",,,,,,,,,,70.8,,,,,,,,,,,,,,,,,,
"Malaysia","MYS","Subnat","MYSr102","Kedah",,,,,,,,,,45.0,,,,,,,,,,,,,,,,,,
"Malaysia","MYS","Subnat","MYSr103","Kelantan",,,,,,,,,,37.0,,,,,,,,,,,,,,,,,,
"Malaysia","MYS","Subnat","MYSr114","Kuala Lumpur Federal Territory",,,,,,,,,,100,,,,,,,,,,,,,,,,,,
"Malaysia","MYS","Subnat","MYSr115","Labuan Federal Territory",,,,,,,,,,75.5,,,,,,,,,,,,,,,,,,
"Malaysia","MYS","Subnat","MYSr104","Melaka",,,,,,,,,,75.3,,,,,,,,,,,,,,,,,,
"Malaysia","MYS","Subnat","MYSr105","Negeri Sembilan",,,,,,,,,,64.0,,,,,,,,,,,,,,,,,,
"Malaysia","MYS","Subnat","MYSr106","Pahang",,,,,,,,,,46.8,,,,,,,,,,,,,,,,,,
"Malaysia","MYS","Subnat","MYSr108","Perak",,,,,,,,,,64.2,,,,,,,,,,,,,,,,,,
"Malaysia","MYS","Subnat","MYSr109","Perlis",,,,,,,,,,38.1,,,,,,,,,,,,,,,,,,
"Malaysia","MYS","Subnat","MYSr107","Pulau Pinang",,,,,,,,,,79.4,,,,,,,,,,,,,,,,,,
"Malaysia","MYS","Subnat","MYSr112","Sabah",,,,,,,,,,50.1,,,,,,,,,,,,,,,,,,
"Malaysia","MYS","Subnat","MYSr113","Sarawak",,,,,,,,,,54.0,,,,,,,,,,,,,,,,,,
"Malaysia","MYS","Subnat","MYSr110","Selangor",,,,,,,,,,90.4,,,,,,,,,,,,,,,,,,
"Malaysia","MYS","Subnat","MYSr111","Terengganu",,,,,,,,,,54.3,,,,,,,,,,,,,,,,,,
"Maldives","MDV","Subnat","MDVr104","Central",,,,,,,,,,,,,,,,,,,0.00,,,,,,,,0.00,
"Maldives","MDV","Subnat","MDVr101","Male",,,,,,,,,,,,,,,,,,,100,,,,,,,,100,
"Maldives","MDV","Subnat","MDVr102","North",,,,,,,,,,,,,,,,,,,0.00,,,,,,,,0.00,
"Maldives","MDV","Subnat","MDVr103","North Central",,,,,,,,,,,,,,,,,,,0.00,,,,,,,,0.00,
"Maldives","MDV","Subnat","MDVr106","South",,,,,,,,,,,,,,,,,,,0.00,,,,,,,,0.00,
"Maldives","MDV","Subnat","MDVr105","South Central",,,,,,,,,,,,,,,,,,,0.00,,,,,,,,0.00,
"Mali","MLI","Subnat","MLIr108","Bamako",,,,,100,,,,,,100,,,,,100,,,,,,,100,,,,,100
"Mali","MLI","Subnat","MLIr107","Gao and Kidal",,,,,100,,,,,,34.2,,,,,46.0,,,,,,,,,,,,18.5
"Mali","MLI","Subnat","MLIr101","Kayes",,,,,18.4,,,,,,20.5,,,,,16.3,,,,,,,15.0,,,,,16.0
"Mali","MLI","Subnat","MLIr102","Koulikoro",,,,,15.3,,,,,,9.31,,,,,14.3,,,,,,,6.60,,,,,6.37
"Mali","MLI","Subnat","MLIr105","Mopti",,,,,17.9,,,,,,15.8,,,,,30.9,,,,,,,9.57,,,,,9.05
"Mali","MLI","Subnat","MLIr104","Segou",,,,,20.0,,,,,,12.8,,,,,19.2,,,,,,,9.49,,,,,5.83
"Mali","MLI","Subnat","MLIr103","Sikasso",,,,,18.3,,,,,,16.3,,,,,16.8,,,,,,,17.9,,,,,11.2
"Mali","MLI","Subnat","MLIr106","Tombouctou",,,,,100,,,,,,17.4,,,,,25.4,,,,,,,,,,,,9.13
"Mauritania","MRT","Subnat","MRTr107","Adrar",,,,,,,,,,,38.6,,,,,,44.5,,,,45.8,,,,,,,
"Mauritania","MRT","Subnat","MRTr103","Assaba",,,,,,,,,,,19.5,,,,,,22.5,,,,18.6,,,,,,,
"Mauritania","MRT","Subnat","MRTr105","Brakna",,,,,,,,,,,13.3,,,,,,21.6,,,,14.9,,,,,,,
"Mauritania","MRT","Subnat","MRTr104","Gorgol",,,,,,,,,,,26.8,,,,,,15.7,,,,16.2,,,,,,,
"Mauritania","MRT","Subnat","MRTr110","Guidimagha",,,,,,,,,,,6.99,,,,,,11.6,,,,7.26,,,,,,,
"Mauritania","MRT","Subnat","MRTr101","Hodh Charghi",,,,,,,,,,,16.0,,,,,,22.4,,,,21.9,,,,,,,
"Mauritania","MRT","Subnat","MRTr102","Hodh Gharbi",,,,,,,,,,,6.33,,,,,,9.98,,,,9.91,,,,,,,
"Mauritania","MRT","Subnat","MRTr112","Inchiri",,,,,,,,,,,100,,,,,,76.5,,,,,,,,,,,
"Mauritania","MRT","Subnat","MRTr108","Nouadhibou",,,,,,,,,,,96.8,,,,,,94.5,,,,94.4,,,,,,,
"Mauritania","MRT","Subnat","MRTr109","Tagant",,,,,,,,,,,11.7,,,,,,12.6,,,,13.1,,,,,,,
"Mauritania","MRT","Subnat","MRTr111","Tiris-Zemmour",,,,,,,,,,,89.3,,,,,,88.7,,,,86.9,,,,,,,
"Mauritania","MRT","Subnat","MRTr106","Trarza incl Nouakchott",,,,,,,,,,,81.9,,,,,,79.9,,,,79.2,,,,,,,
"Mauritius","MUS","Subnat","MUSr101","North (Port Louis, Pamplemousses, Riviere du Rempart, Flacq, Moka)",,,,,,,,,,,,,,,,,,,,,,,20.6,,,,,
"Mauritius","MUS","Subnat","MUSr103","Rodrigues",,,,,,,,,,,,,,,,,,,,,,,0.00,,,,,
"Mauritius","MUS","Subnat","MUSr102","South (Grand Port, Savanne, Plaines Wilhems, Black River)",,,,,,,,,,,,,,,,,,,,,,,61.5,,,,,
"Mexico","MEX","Subnat","MEXr204"," CDMX-Edo Mexico Ciudad de Mexico (Estado de Mexico)",,,,,,,,,,91.6,,,,,,,,,,91.5,,,,,92.8,,,
"Mexico","MEX","Subnat","MEXr203"," Centro (Guerrero, Morelos, Puebla, Tlaxcala, Hidalgo, Michoacan y Colima)",,,,,,,,,,65.8,,,,,,,,,,68.6,,,,,70.1,,,
"Mexico","MEX","Subnat","MEXr202"," Noreste (Aguascalientes, Coahuila, Guanajuato, Nuevo Leon, Queretaro, San Luis Potosi, Tamaulipas,",,,,,,,,,,76.6,,,,,,,,,,78.8,,,,,76.6,,,
"Mexico","MEX","Subnat","MEXr201"," Noroeste (Baja California, Baja California Sur, Chihuahua, Durango, Jalisco, Nayarit, Sinaloa y Son",,,,,,,,,,78.9,,,,,,,,,,83.1,,,,,84.4,,,
"Mexico","MEX","Subnat","MEXr205"," Sur (Campeche, Chiapas, Oaxaca, Quintana Roo, Tabasco, Veracruz y Yucatan)",,,,,,,,,,57.4,,,,,,,,,,59.1,,,,,58.0,,,
"Mexico","MEX","Subnat","MEXr101","Aguascalientes",,,,,,,,,,80.0,,,,,,,,,,78.7,,,,,79.6,,,
"Mexico","MEX","Subnat","MEXr102","Baja California",,,,,,,,,,90.0,,,,,,,,,,91.5,,,,,90.2,,,
"Mexico","MEX","Subnat","MEXr103","Baja California Sur",,,,,,,,,,80.8,,,,,,,,,,87.5,,,,,87.9,,,
"Mexico","MEX","Subnat","MEXr104","Campeche",,,,,,,,,,70.3,,,,,,,,,,74.7,,,,,73.8,,,
"Mexico","MEX","Subnat","MEXr107","Chiapas",,,,,,,,,,48.5,,,,,,,,,,48.0,,,,,49.2,,,
"Mexico","MEX","Subnat","MEXr108","Chihuahua",,,,,,,,,,80.7,,,,,,,,,,84.6,,,,,86.2,,,
"Mexico","MEX","Subnat","MEXr105","Coahuila",,,,,,,,,,89.7,,,,,,,,,,90.6,,,,,91.6,,,
"Mexico","MEX","Subnat","MEXr106","Colima",,,,,,,,,,84.9,,,,,,,,,,89.0,,,,,88.8,,,
"Mexico","MEX","Subnat","MEXr109","Distrito Federal",,,,,,,,,,99.8,,,,,,,,,,99.6,,,,,99.4,,,
"Mexico","MEX","Subnat","MEXr110","Durango",,,,,,,,,,61.3,,,,,,,,,,66.3,,,,,70.2,,,
"Mexico","MEX","Subnat","MEXr111","Guanajuato",,,,,,,,,,67.4,,,,,,,,,,69.6,,,,,71.4,,,
"Mexico","MEX","Subnat","MEXr112","Guerrero",,,,,,,,,,54.9,,,,,,,,,,58.1,,,,,59.9,,,
"Mexico","MEX","Subnat","MEXr113","Hidalgo",,,,,,,,,,50.2,,,,,,,,,,52.5,,,,,52.1,,,
"Mexico","MEX","Subnat","MEXr114","Jalisco",,,,,,,,,,84.2,,,,,,,,,,86.8,,,,,86.7,,,
"Mexico","MEX","Subnat","MEXr115","Mexico",,,,,,,,,,86.2,,,,,,,,,,86.6,,,,,86.7,,,
"Mexico","MEX","Subnat","MEXr116","Michoacan de Ocampo",,,,,,,,,,65.4,,,,,,,,,,68.1,,,,,69.3,,,
"Mexico","MEX","Subnat","MEXr117","Morelos",,,,,,,,,,86.1,,,,,,,,,,84.7,,,,,82.7,,,
"Mexico","MEX","Subnat","MEXr118","Nayarit",,,,,,,,,,63.9,,,,,,,,,,66.4,,,,,69.4,,,
"Mexico","MEX","Subnat","MEXr119","Nuevo Leon",,,,,,,,,,93.7,,,,,,,,,,94.3,,,,,93.4,,,
"Mexico","MEX","Subnat","MEXr120","Oaxaca",,,,,,,,,,44.7,,,,,,,,,,47.1,,,,,48.6,,,
"Mexico","MEX","Subnat","MEXr121","Puebla",,,,,,,,,,68.3,,,,,,,,,,73.1,,,,,72.5,,,
"Mexico","MEX","Subnat","MEXr122","Queretaro",,,,,,,,,,70.4,,,,,,,,,,70.7,,,,,68.4,,,
"Mexico","MEX","Subnat","MEXr123","Quintana Roo",,,,,,,,,,83.6,,,,,,,,,,88.1,,,,,88.3,,,
"Mexico","MEX","Subnat","MEXr124","San Luis Potosi",,,,,,,,,,60.0,,,,,,,,,,63.4,,,,,64.8,,,
"Mexico","MEX","Subnat","MEXr125","Sinaloa",,,,,,,,,,65.2,,,,,,,,,,73.6,,,,,76.3,,,
"Mexico","MEX","Subnat","MEXr126","Sonora",,,,,,,,,,83.1,,,,,,,,,,86.6,,,,,88.0,,,
"Mexico","MEX","Subnat","MEXr127","Tabasco",,,,,,,,,,51.4,,,,,,,,,,55.4,,,,,55.8,,,
"Mexico","MEX","Subnat","MEXr128","Tamaulipas",,,,,,,,,,85.9,,,,,,,,,,87.6,,,,,88.9,,,
"Mexico","MEX","Subnat","MEXr129","Tlaxcala",,,,,,,,,,81.5,,,,,,,,,,80.3,,,,,79.6,,,
"Mexico","MEX","Subnat","MEXr130","Veracruz",,,,,,,,,,59.5,,,,,,,,,,60.1,,,,,61.3,,,
"Mexico","MEX","Subnat","MEXr131","Yucatan",,,,,,,,,,81.8,,,,,,,,,,84.3,,,,,85.8,,,
"Mexico","MEX","Subnat","MEXr132","Zacatecas",,,,,,,,,,53.1,,,,,,,,,,60.8,,,,,60.0,,,
"Moldova","MDA","Subnat","MDAr102","Center",,,,,,,,,,,,,,,17.3,,,,,,,16.3,,,,,,
"Moldova","MDA","Subnat","MDAr104","Chisinau",,,,,,,,,,,,,,,92.0,,,,,,,90.4,,,,,,
"Moldova","MDA","Subnat","MDAr101","North",,,,,,,,,,,,,,,27.7,,,,,,,30.6,,,,,,
"Moldova","MDA","Subnat","MDAr103","South",,,,,,,,,,,,,,,27.1,,,,,,,28.0,,,,,,
"Mongolia","MNG","Subnat","MNGr103","Central (Dornogovi, Dundgovi, Umnugovi, Selenge, Tuv, Darkhan-Uul, Govisumber)",,,,,,,,,,,,,,,39.6,,,,,38.3,,,,,,,,
"Mongolia","MNG","Subnat","MNGr104","Eastern (Dornod, Sukhbaatar, Khentii)",,,,,,,,,,,,,,,39.7,,,,,35.7,,,,,,,,
"Mongolia","MNG","Subnat","MNGr102","Khangai (Arkhangai, Bayankhongor, Bulgan, Uvurkhangai, Khuvsgul, Orkhon)",,,,,,,,,,,,,,,32.8,,,,,37.1,,,,,,,,
"Mongolia","MNG","Subnat","MNGr105","Ulaanbaatar",,,,,,,,,,,,,,,100,,,,,100,,,,,,,,
"Mongolia","MNG","Subnat","MNGr101","Western (Bayan-Ulgii, Govi-Altai, Zavkhan, Uvs, Khovd)",,,,,,,,,,,,,,,29.0,,,,,30.0,,,,,,,,
"Monte Negro","MNE","Subnat","MNEr102","Centre",,,,,,,,,,,,,,,78.2,,,,,,,,79.6,,,,,
"Monte Negro","MNE","Subnat","MNEr101","North",,,,,,,,,,,,,,,60.0,,,,,,,,43.2,,,,,
"Monte Negro","MNE","Subnat","MNEr103","South",,,,,,,,,,,,,,,39.7,,,,,,,,54.7,,,,,
"Morocco","MAR","Subnat","MARr103","Centre",,56.9,,,,,,,,,,,70.3,,,,,,,,,,,71.8,,,,
"Morocco","MAR","Subnat","MARr102","Centre north",,29.6,,,,,,,,,,,49.9,,,,,,,,,,,51.2,,,,
"Morocco","MAR","Subnat","MARr105","Centre south",,51.2,,,,,,,,,,,59.7,,,,,,,,,,,49.6,,,,
"Morocco","MAR","Subnat","MARr104","Eastern",,49.6,,,,,,,,,,,61.4,,,,,,,,,,,50.2,,,,
"Morocco","MAR","Subnat","MARr101","North west",,51.5,,,,,,,,,,,64.2,,,,,,,,,,,67.1,,,,
"Morocco","MAR","Subnat","MARr107","South",,21.8,,,,,,,,,,,49.6,,,,,,,,,,,50.4,,,,
"Morocco","MAR","Subnat","MARr106","Tensift",,31.6,,,,,,,,,,,38.7,,,,,,,,,,,43.6,,,,
"Mozambique","MOZ","Subnat","MOZr102","Cabo delgado",,,,,,,5.93,,,,,,21.6,,,,,,,,15.0,,,,,,,
"Mozambique","MOZ","Subnat","MOZr109","Gaza",,,,,,,12.3,,,,,,26.5,,,,,,,,30.1,,,,,,,
"Mozambique","MOZ","Subnat","MOZr108","Inhambane",,,,,,,5.73,,,,,,21.2,,,,,,,,25.1,,,,,,,
"Mozambique","MOZ","Subnat","MOZr106","Manica",,,,,,,18.3,,,,,,37.5,,,,,,,,36.2,,,,,,,
"Mozambique","MOZ","Subnat","MOZr111","Maputo Cidade",,,,,,,100,,,,,,100,,,,,,,,100,,,,,,,
"Mozambique","MOZ","Subnat","MOZr110","Maputo Provincia",,,,,,,55.6,,,,,,66.5,,,,,,,,69.4,,,,,,,
"Mozambique","MOZ","Subnat","MOZr103","Nampula",,,,,,,17.8,,,,,,35.0,,,,,,,,34.2,,,,,,,
"Mozambique","MOZ","Subnat","MOZr101","Niassa",,,,,,,16.0,,,,,,22.1,,,,,,,,23.3,,,,,,,
"Mozambique","MOZ","Subnat","MOZr107","Sofala",,,,,,,32.4,,,,,,45.8,,,,,,,,42.6,,,,,,,
"Mozambique","MOZ","Subnat","MOZr105","Tete",,,,,,,12.0,,,,,,15.2,,,,,,,,10.9,,,,,,,
"Mozambique","MOZ","Subnat","MOZr104","Zambezia",,,,,,,10.3,,,,,,11.4,,,,,,,,15.7,,,,,,,
"Myanmar","MMR","Subnat","MMRr114","Ayeyarwaddy",,,,,,,,,,14.1,,,,,,,,,,,,,,,,14.3,,
"Myanmar","MMR","Subnat","MMRr107","Bago",,,,,,,,,,19.0,,,,,,,,,,,,,,,,20.5,,
"Myanmar","MMR","Subnat","MMRr104","Chin",,,,,,,,,,15.7,,,,,,,,,,,,,,,,21.2,,
"Myanmar","MMR","Subnat","MMRr101","Kachin",,,,,,,,,,20.1,,,,,,,,,,,,,,,,29.5,,
"Myanmar","MMR","Subnat","MMRr102","Kayah",,,,,,,,,,26.6,,,,,,,,,,,,,,,,25.3,,
"Myanmar","MMR","Subnat","MMRr103","Kayin",,,,,,,,,,9.29,,,,,,,,,,,,,,,,21.1,,
"Myanmar","MMR","Subnat","MMRr108","Magway",,,,,,,,,,15.1,,,,,,,,,,,,,,,,14.1,,
"Myanmar","MMR","Subnat","MMRr109","Mandalay, NayPyitaw",,,,,,,,,,27.0,,,,,,,,,,,,,,,,29.0,,
"Myanmar","MMR","Subnat","MMRr110","Mon",,,,,,,,,,27.7,,,,,,,,,,,,,,,,27.7,,
"Myanmar","MMR","Subnat","MMRr111","Rakhine",,,,,,,,,,14.5,,,,,,,,,,,,,,,,11.9,,
"Myanmar","MMR","Subnat","MMRr105","Sagaing",,,,,,,,,,14.1,,,,,,,,,,,,,,,,16.7,,
"Myanmar","MMR","Subnat","MMRr113","Shan",,,,,,,,,,19.3,,,,,,,,,,,,,,,,25.8,,
"Myanmar","MMR","Subnat","MMRr106","Taninthayi",,,,,,,,,,25.2,,,,,,,,,,,,,,,,22.2,,
"Myanmar","MMR","Subnat","MMRr112","Yangon",,,,,,,,,,69.8,,,,,,,,,,,,,,,,68.6,,
"Namibia","NAM","Subnat","NAMr203"," Central",,49.8,,,,,,,,,,,,,,,,,,,,,,,,,,
"Namibia","NAM","Subnat","NAMr202"," Northeast",,14.1,,,,,,,,,,,,,,,,,,,,,,,,,,
"Namibia","NAM","Subnat","NAMr201"," Northwest",,4.76,,,,,,,,,,,,,,,,,,,,,,,,,,
"Namibia","NAM","Subnat","NAMr204"," South",,78.8,,,,,,,,,,,,,,,,,,,,,,,,,,
"Namibia","NAM","Subnat","NAMr101","Caprivi",,,,,,,,,,12.6,,,,,,20.5,,,,,,,28.4,,,,,
"Namibia","NAM","Subnat","NAMr102","Erongo",,,,,,,,,,100,,,,,,87.1,,,,,,,89.6,,,,,
"Namibia","NAM","Subnat","NAMr103","Hardap",,,,,,,,,,40.2,,,,,,55.1,,,,,,,68.5,,,,,
"Namibia","NAM","Subnat","NAMr104","Karas",,,,,,,,,,63.1,,,,,,51.4,,,,,,,65.8,,,,,
"Namibia","NAM","Subnat","NAMr108","Kavango",,,,,,,,,,18.8,,,,,,33.2,,,,,,,28.3,,,,,
"Namibia","NAM","Subnat","NAMr105","Khomas",,,,,,,,,,92.6,,,,,,96.5,,,,,,,97.9,,,,,
"Namibia","NAM","Subnat","NAMr106","Kunene",,,,,,,,,,27.0,,,,,,29.3,,,,,,,35.2,,,,,
"Namibia","NAM","Subnat","NAMr107","Ohangwena",,,,,,,,,,0.00,,,,,,3.10,,,,,,,10.3,,,,,
"Namibia","NAM","Subnat","NAMr109","Omaheke",,,,,,,,,,15.5,,,,,,19.2,,,,,,,34.8,,,,,
"Namibia","NAM","Subnat","NAMr110","Omusati",,,,,,,,,,0.00,,,,,,3.58,,,,,,,4.70,,,,,
"Namibia","NAM","Subnat","NAMr111","Oshana",,,,,,,,,,26.9,,,,,,28.6,,,,,,,47.7,,,,,
"Namibia","NAM","Subnat","NAMr112","Oshikoto",,,,,,,,,,17.1,,,,,,20.9,,,,,,,15.6,,,,,
"Namibia","NAM","Subnat","NAMr113","Otjozondjupa",,,,,,,,,,39.5,,,,,,47.2,,,,,,,65.9,,,,,
"Nepal","NPL","Subnat","NPLr102","Central",,,,,,13.1,,,,,15.3,,,,,22.8,,,,,18.9,,,,,65.0,,
"Nepal","NPL","Subnat","NPLr101","Eastern",,,,,,7.54,,,,,10.1,,,,,12.7,,,,,11.2,,,,,59.3,,
"Nepal","NPL","Subnat","NPLr105","Far-western",,,,,,7.71,,,,,9.38,,,,,9.82,,,,,11.7,,,,,54.1,,
"Nepal","NPL","Subnat","NPLr104","Mid-western",,,,,,4.19,,,,,4.40,,,,,10.1,,,,,8.29,,,,,50.8,,
"Nepal","NPL","Subnat","NPLr103","Western",,,,,,4.76,,,,,5.43,,,,,12.3,,,,,10.1,,,,,59.6,,
"Nicaragua","NIC","Subnat","NICr103","Atlantico (Rio San Juan, Atlantico Norte (Raan), Atlantico Sur (Raas))",,,,,,,,44.8,,,35.9,,,,,,44.8,,,,,33.9,,,,,,
"Nicaragua","NIC","Subnat","NICr102","Central-Norte (Boaco, Chontales, Jinotega, Matagalpa, Esteli, Madriz, Nueva Segovia)",,,,,,,,39.0,,,40.4,,,,,,57.2,,,,,44.0,,,,,,
"Nicaragua","NIC","Subnat","NICr101","Pacifico (Chinandega, Leon, Managua, Masaya, Granada, Carazo, Rivas)",,,,,,,,71.7,,,71.6,,,,,,60.5,,,,,72.4,,,,,,
"Niger","NER","Subnat","NERr101","Agadez",,,,,,,,78.1,,,,,,,,58.9,,,,,,47.1,,,,,,
"Niger","NER","Subnat","NERr102","Diffa",,,,,,,,50.6,,,,,,,,18.0,,,,,,13.9,,,,,,
"Niger","NER","Subnat","NERr103","Dosso",,,,,,,,13.2,,,,,,,,8.94,,,,,,8.98,,,,,,
"Niger","NER","Subnat","NERr104","Maradi",,,,,,,,14.6,,,,,,,,10.9,,,,,,9.71,,,,,,
"Niger","NER","Subnat","NERr106","Tahoua",,,,,,,,9.36,,,,,,,,12.0,,,,,,11.3,,,,,,
"Niger","NER","Subnat","NERr105","Tillabery (incl Niamey)",,,,,,,,34.2,,,,,,,,36.8,,,,,,39.3,,,,,,
"Niger","NER","Subnat","NERr107","Zinder",,,,,,,,12.1,,,,,,,,11.8,,,,,,10.5,,,,,,
"Nigeria","NGA","Subnat","NGAr122","Abia",,,,,,,,,27.9,,,,41.7,,,,,48.7,,,,,25.2,,,,,19.2
"Nigeria","NGA","Subnat","NGAr137","Abuja FCT",,,,,,,,,13.9,,,,27.6,,,,,69.9,,,,,58.2,,,,,64.7
"Nigeria","NGA","Subnat","NGAr108","Adamawa",,,,,,,,,22.7,,,,22.9,,,,,20.8,,,,,26.6,,,,,22.5
"Nigeria","NGA","Subnat","NGAr101","Akwa Ibom",,,,,,,,,5.17,,,,12.5,,,,,9.52,,,,,5.74,,,,,7.17
"Nigeria","NGA","Subnat","NGAr102","Anambra",,,,,,,,,21.9,,,,24.4,,,,,81.7,,,,,84.7,,,,,85.3
"Nigeria","NGA","Subnat","NGAr103","Bauchi",,,,,,,,,9.53,,,,18.0,,,,,27.6,,,,,15.6,,,,,13.7
"Nigeria","NGA","Subnat","NGAr131","Bayelsa",,,,,,,,,2.91,,,,0.00,,,,,23.5,,,,,26.9,,,,,30.9
"Nigeria","NGA","Subnat","NGAr105","Benue",,,,,,,,,11.4,,,,18.0,,,,,15.3,,,,,7.86,,,,,15.8
"Nigeria","NGA","Subnat","NGAr106","Borno",,,,,,,,,45.1,,,,59.3,,,,,34.6,,,,,45.3,,,,,54.8
"Nigeria","NGA","Subnat","NGAr107","Cross River",,,,,,,,,26.3,,,,22.5,,,,,20.3,,,,,16.9,,,,,18.6
"Nigeria","NGA","Subnat","NGAr123","Delta",,,,,,,,,26.3,,,,46.5,,,,,40.5,,,,,51.0,,,,,55.9
"Nigeria","NGA","Subnat","NGAr132","Ebonyi",,,,,,,,,47.2,,,,44.6,,,,,27.0,,,,,87.2,,,,,84.2
"Nigeria","NGA","Subnat","NGAr104","Edo",,,,,,,,,43.7,,,,43.5,,,,,45.9,,,,,55.7,,,,,61.3
"Nigeria","NGA","Subnat","NGAr133","Ekiti",,,,,,,,,40.1,,,,74.4,,,,,38.3,,,,,75.9,,,,,81.4
"Nigeria","NGA","Subnat","NGAr124","Enugu",,,,,,,,,28.6,,,,61.0,,,,,28.2,,,,,69.5,,,,,77.8
"Nigeria","NGA","Subnat","NGAr134","Gombe",,,,,,,,,14.7,,,,23.0,,,,,21.5,,,,,30.4,,,,,23.4
"Nigeria","NGA","Subnat","NGAr109","Imo",,,,,,,,,6.28,,,,58.5,,,,,17.2,,,,,50.1,,,,,64.7
"Nigeria","NGA","Subnat","NGAr125","Jigawa",,,,,,,,,3.15,,,,9.17,,,,,6.72,,,,,9.41,,,,,14.0
"Nigeria","NGA","Subnat","NGAr110","Kaduna",,,,,,,,,27.6,,,,41.5,,,,,31.8,,,,,43.4,,,,,42.5
"Nigeria","NGA","Subnat","NGAr111","Kano",,,,,,,,,37.9,,,,33.4,,,,,26.3,,,,,44.2,,,,,43.8
"Nigeria","NGA","Subnat","NGAr112","Katsina",,,,,,,,,18.3,,,,27.2,,,,,20.1,,,,,18.0,,,,,22.5
"Nigeria","NGA","Subnat","NGAr126","Kebbi",,,,,,,,,7.27,,,,26.1,,,,,20.3,,,,,18.4,,,,,16.5
"Nigeria","NGA","Subnat","NGAr127","Kogi",,,,,,,,,32.3,,,,24.9,,,,,34.9,,,,,40.8,,,,,35.6
"Nigeria","NGA","Subnat","NGAr113","Kwara",,,,,,,,,51.5,,,,48.8,,,,,38.1,,,,,59.6,,,,,76.2
"Nigeria","NGA","Subnat","NGAr114","Lagos",,,,,,,,,87.6,,,,96.4,,,,,90.8,,,,,100,,,,,97.3
"Nigeria","NGA","Subnat","NGAr135","Nassarawa",,,,,,,,,19.4,,,,26.2,,,,,15.1,,,,,18.2,,,,,34.1
"Nigeria","NGA","Subnat","NGAr115","Niger",,,,,,,,,42.4,,,,16.1,,,,,22.6,,,,,16.7,,,,,24.2
"Nigeria","NGA","Subnat","NGAr116","Ogun",,,,,,,,,61.9,,,,40.2,,,,,24.6,,,,,49.8,,,,,48.6
"Nigeria","NGA","Subnat","NGAr117","Ondo",,,,,,,,,25.7,,,,53.3,,,,,36.8,,,,,49.7,,,,,53.5
"Nigeria","NGA","Subnat","NGAr128","Osun",,,,,,,,,29.3,,,,58.4,,,,,63.5,,,,,79.1,,,,,75.1
"Nigeria","NGA","Subnat","NGAr118","Oyo",,,,,,,,,46.4,,,,69.6,,,,,38.7,,,,,69.9,,,,,80.5
"Nigeria","NGA","Subnat","NGAr119","Plateau",,,,,,,,,21.2,,,,27.3,,,,,20.0,,,,,22.3,,,,,27.6
"Nigeria","NGA","Subnat","NGAr120","Rivers",,,,,,,,,15.2,,,,27.8,,,,,31.2,,,,,49.2,,,,,52.7
"Nigeria","NGA","Subnat","NGAr121","Sokoto",,,,,,,,,13.2,,,,13.2,,,,,14.5,,,,,21.1,,,,,19.5
"Nigeria","NGA","Subnat","NGAr129","Taraba",,,,,,,,,36.6,,,,18.5,,,,,19.2,,,,,15.1,,,,,19.4
"Nigeria","NGA","Subnat","NGAr130","Yobe",,,,,,,,,36.1,,,,23.2,,,,,30.7,,,,,21.6,,,,,21.3
"Nigeria","NGA","Subnat","NGAr136","Zamfora",,,,,,,,,9.66,,,,28.0,,,,,9.20,,,,,17.6,,,,,28.0
"North Macedonia","MKD","Subnat","MKDr108","East",,,,,,,,,,,,,,,62.5,,,,,,62.7,,,,,,,
"North Macedonia","MKD","Subnat","MKDr104","North East",,,,,,,,,,,,,,,60.2,,,,,,44.3,,,,,,,
"North Macedonia","MKD","Subnat","MKDr102","Pelagoniski",,,,,,,,,,,,,,,61.7,,,,,,66.5,,,,,,,
"North Macedonia","MKD","Subnat","MKDr107","Poloski",,,,,,,,,,,,,,,29.6,,,,,,24.1,,,,,,,
"North Macedonia","MKD","Subnat","MKDr101","Skopski",,,,,,,,,,,,,,,68.9,,,,,,70.8,,,,,,,
"North Macedonia","MKD","Subnat","MKDr106","South East",,,,,,,,,,,,,,,42.1,,,,,,44.4,,,,,,,
"North Macedonia","MKD","Subnat","MKDr105","South West",,,,,,,,,,,,,,,44.5,,,,,,43.7,,,,,,,
"North Macedonia","MKD","Subnat","MKDr103","Vardarski",,,,,,,,,,,,,,,68.2,,,,,,69.8,,,,,,,
"Pakistan","PAK","Subnat","PAKr107","AJK",,,,,,,,,,,,,,,,,,,,,,,,,,,,49.4
"Pakistan","PAK","Subnat","PAKr104","Balochistan",16.5,,,,,,,,,,,,,,,,25.4,,,,,20.5,,,,,,28.5
"Pakistan","PAK","Subnat","PAKr108","FATA",,,,,,,,,,,,,,,,,,,,,,,,,,,,6.27
"Pakistan","PAK","Subnat","PAKr106","Gilgit Baltistan",,,,,,,,,,,,,,,,,,,,,,16.0,,,,,,31.1
"Pakistan","PAK","Subnat","PAKr105","Islamabad (ICT)",100,,,,,,,,,,,,,,,,100,,,,,63.1,,,,,,50.2
"Pakistan","PAK","Subnat","PAKr103","Khyber Pakhtunkhwa (NWFrontier)",15.9,,,,,,,,,,,,,,,,17.5,,,,,17.0,,,,,,19.4
"Pakistan","PAK","Subnat","PAKr101","Punjab",18.0,,,,,,,,,,,,,,,,18.8,,,,,31.5,,,,,,36.8
"Pakistan","PAK","Subnat","PAKr102","Sindh",46.7,,,,,,,,,,,,,,,,49.0,,,,,48.1,,,,,,51.6
"Palestine","PSE","Subnat","PSEr104","Bethlehem, Hebron",,,,,,,,,,,,,,,,,,,,85.1,,,,84.0,,,,
"Palestine","PSE","Subnat","PSEr106","Deir El-Balah, Khan Yunis, Rafah",,,,,,,,,,,,,,,,,,,,96.1,,,,95.3,,,,
"Palestine","PSE","Subnat","PSEr101","Jenin, Tubas, Tulkarm, Nablus, Qalqiliya",,,,,,,,,,,,,,,,,,,,67.3,,,,66.3,,,,
"Palestine","PSE","Subnat","PSEr103","Jerusalem",,,,,,,,,,,,,,,,,,,,89.2,,,,89.6,,,,
"Palestine","PSE","Subnat","PSEr105","North Gaza, Gaza",,,,,,,,,,,,,,,,,,,,97.8,,,,98.1,,,,
"Palestine","PSE","Subnat","PSEr102","Salfit, Ramallah, Al-Bireh, Jericho, Al Aghwar",,,,,,,,,,,,,,,,,,,,55.8,,,,55.6,,,,
"Panama","PAN","Subnat","PANr203"," Area Central",,,,,,,,,,,,,,,,,31.3,,,,,33.3,,,,,,
"Panama","PAN","Subnat","PANr201"," Area Metropolitana",,,,,,,,,,,,,,,,,95.7,,,,,96.5,,,,,,
"Panama","PAN","Subnat","PANr204"," Area Occidental",,,,,,,,,,,,,,,,,35.4,,,,,41.8,,,,,,
"Panama","PAN","Subnat","PANr202"," Area Oriental",,,,,,,,,,,,,,,,,64.3,,,,,67.9,,,,,,
"Panama","PAN","Subnat","PANr101","Bocas del Toro",,,,,,,,,,,,,,,,,,,,,,,40.4,,,,,
"Panama","PAN","Subnat","PANr104","Chiriqui",,,,,,,,,,,,,,,,,,,,,,,53.0,,,,,
"Panama","PAN","Subnat","PANr102","Cocle",,,,,,,,,,,,,,,,,,,,,,,36.2,,,,,
"Panama","PAN","Subnat","PANr103","Colon",,,,,,,,,,,,,,,,,,,,,,,69.3,,,,,
"Panama","PAN","Subnat","PANr105","Darien",,,,,,,,,,,,,,,,,,,,,,,9.67,,,,,
"Panama","PAN","Subnat","PANr111","Embera Wounaan",,,,,,,,,,,,,,,,,,,,,,,0.00,,,,,
"Panama","PAN","Subnat","PANr106","Herrera",,,,,,,,,,,,,,,,,,,,,,,57.0,,,,,
"Panama","PAN","Subnat","PANr110","Kuna Yala",,,,,,,,,,,,,,,,,,,,,,,0.00,,,,,
"Panama","PAN","Subnat","PANr107","Los Santos",,,,,,,,,,,,,,,,,,,,,,,35.3,,,,,
"Panama","PAN","Subnat","PANr112","Ngobe Bugle",,,,,,,,,,,,,,,,,,,,,,,0.00,,,,,
"Panama","PAN","Subnat","PANr108","Panama",,,,,,,,,,,,,,,,,,,,,,,91.3,,,,,
"Panama","PAN","Subnat","PANr109","Veraguas",,,,,,,,,,,,,,,,,,,,,,,34.4,,,,,
"Papua New Guinea","PNG","Subnat","PNGr120","Autonomous Region of Bougainville",,,,,,,,,,,,,,,,,,,,,,,,,,,5.27,
"Papua New Guinea","PNG","Subnat","PNGr103","Central",,,,,,,,,,,,,,,,,,,,,,,,,,,2.32,
"Papua New Guinea","PNG","Subnat","PNGr110","Chimbu, Simbu",,,,,,,,,,,,,,,,,,,,,,,,,,,4.64,
"Papua New Guinea","PNG","Subnat","PNGr118","East New Britain",,,,,,,,,,,,,,,,,,,,,,,,,,,5.75,
"Papua New Guinea","PNG","Subnat","PNGr114","East Sepik",,,,,,,,,,,,,,,,,,,,,,,,,,,10.8,
"Papua New Guinea","PNG","Subnat","PNGr111","Eastern Highlands",,,,,,,,,,,,,,,,,,,,,,,,,,,6.39,
"Papua New Guinea","PNG","Subnat","PNGr108","Enga",,,,,,,,,,,,,,,,,,,,,,,,,,,2.23,
"Papua New Guinea","PNG","Subnat","PNGr102","Gulf",,,,,,,,,,,,,,,,,,,,,,,,,,,11.2,
"Papua New Guinea","PNG","Subnat","PNGr121","Hela",,,,,,,,,,,,,,,,,,,,,,,,,,,0.32,
"Papua New Guinea","PNG","Subnat","PNGr122","Jiwaka",,,,,,,,,,,,,,,,,,,,,,,,,,,3.58,
"Papua New Guinea","PNG","Subnat","PNGr113","Madang",,,,,,,,,,,,,,,,,,,,,,,,,,,7.12,
"Papua New Guinea","PNG","Subnat","PNGr116","Manus",,,,,,,,,,,,,,,,,,,,,,,,,,,23.3,
"Papua New Guinea","PNG","Subnat","PNGr105","Milne Bay",,,,,,,,,,,,,,,,,,,,,,,,,,,6.14,
"Papua New Guinea","PNG","Subnat","PNGr112","Morobe",,,,,,,,,,,,,,,,,,,,,,,,,,,31.2,
"Papua New Guinea","PNG","Subnat","PNGr104","National Capital District",,,,,,,,,,,,,,,,,,,,,,,,,,,100,
"Papua New Guinea","PNG","Subnat","PNGr117","New Ireland",,,,,,,,,,,,,,,,,,,,,,,,,,,6.12,
"Papua New Guinea","PNG","Subnat","PNGr106","Northern, Oro",,,,,,,,,,,,,,,,,,,,,,,,,,,7.90,
"Papua New Guinea","PNG","Subnat","PNGr107","Southern Highlands",,,,,,,,,,,,,,,,,,,,,,,,,,,2.68,
"Papua New Guinea","PNG","Subnat","PNGr119","West New Britain",,,,,,,,,,,,,,,,,,,,,,,,,,,7.91,
"Papua New Guinea","PNG","Subnat","PNGr115","West Sepik, Sandaun",,,,,,,,,,,,,,,,,,,,,,,,,,,7.96,
"Papua New Guinea","PNG","Subnat","PNGr101","Western",,,,,,,,,,,,,,,,,,,,,,,,,,,18.3,
"Papua New Guinea","PNG","Subnat","PNGr109","Western Highlands",,,,,,,,,,,,,,,,,,,,,,,,,,,12.8,
"Paraguay","PRY","Subnat","PRYr105","Central (Asuncion, Central)",,,,,,,,,,,,90.1,,,,,91.1,,,,,87.2,,,,,,
"Paraguay","PRY","Subnat","PRYr102","North-East (Caaguazu, Alto Parana, Canideyu)",,,,,,,,,,,,47.8,,,,,50.0,,,,,46.2,,,,,,
"Paraguay","PRY","Subnat","PRYr101","North-West (Boqueron, Alto Paraguay, Presidente Hayes, Conception, Amambay, San pedro, Cordillera)",,,,,,,,,,,,35.7,,,,,37.1,,,,,33.4,,,,,,
"Paraguay","PRY","Subnat","PRYr104","South-East (Guaira, Misiones, Paraguari, Neembucu)",,,,,,,,,,,,34.9,,,,,41.7,,,,,41.5,,,,,,
"Paraguay","PRY","Subnat","PRYr103","South-West (Caazapa, Itapua)",,,,,,,,,,,,27.8,,,,,33.3,,,,,33.3,,,,,,
"Peru","PER","Subnat","PERr106","Central (Huancavelica, Huanuco, Junin, Pasco)",,,,,,42.7,,,,37.3,,,,34.9,,39.1,,41.2,44.9,44.0,44.3,45.5,,,,,,
"Peru","PER","Subnat","PERr103","East (Madre de Dios, Cusco, Puno, Apurimac)",,,,,,38.0,,,,32.0,,,,34.1,,37.2,,38.2,39.7,40.5,43.9,40.0,,,,,,
"Peru","PER","Subnat","PERr101","North (Tumbes, Piura, Lambayeque, Cajamarca, La Libertad)",,,,,,56.0,,,,53.8,,,,56.6,,54.4,,59.7,62.6,63.0,63.7,64.1,,,,,,
"Peru","PER","Subnat","PERr102","North East (Amazonas, Loreto, San Martin, Ucayali)",,,,,,53.0,,,,51.8,,,,51.5,,55.5,,54.9,57.5,57.8,56.6,59.1,,,,,,
"Peru","PER","Subnat","PERr104","South (Tacna, Moquegua, Arequipa, Ica, Ayacucho)",,,,,,73.6,,,,74.0,,,,76.4,,72.8,,73.4,75.7,73.2,74.0,72.4,,,,,,
"Peru","PER","Subnat","PERr105","West (Ancash, Lima, Callao)",,,,,,91.5,,,,88.0,,,,85.5,,88.5,,90.4,90.3,91.0,90.9,89.8,,,,,,
"Philippines","PHL","Subnat","PHLr117","ARMM",,,,,,,,,,,,,28.9,,,,,26.0,,,,,13.5,,,,8.72,
"Philippines","PHL","Subnat","PHLr102","Cordillera Admin Region",,,,,,,,21.0,,,,,29.4,,,,,28.2,,,,,28.4,,,,28.0,
"Philippines","PHL","Subnat","PHLr103","I-Ilocos",,,,,,,,56.1,,,,,48.5,,,,,36.6,,,,,14.2,,,,15.3,
"Philippines","PHL","Subnat","PHLr104","II-Cagayan Valley",,,,,,,,53.5,,,,,20.8,,,,,36.2,,,,,13.0,,,,10.3,
"Philippines","PHL","Subnat","PHLr105","III-Central Luzon",,,,,,,,26.9,,,,,68.4,,,,,55.9,,,,,53.4,,,,56.6,
"Philippines","PHL","Subnat","PHLr106","IVA-CALABARZON",,,,,,,,41.4,,,,,69.6,,,,,66.4,,,,,62.0,,,,46.4,
"Philippines","PHL","Subnat","PHLr107","IVB-MIMAROPA",,,,,,,,44.9,,,,,30.1,,,,,31.0,,,,,22.3,,,,33.6,
"Philippines","PHL","Subnat","PHLr112","IX-Zamboanga Peninsula",,,,,,,,30.5,,,,,24.4,,,,,40.5,,,,,34.1,,,,39.5,
"Philippines","PHL","Subnat","PHLr101","National Capital Region",,,,,,,,33.6,,,,,100,,,,,100,,,,,100,,,,100,
"Philippines","PHL","Subnat","PHLr108","V-Bicol",,,,,,,,29.5,,,,,29.4,,,,,30.1,,,,,16.9,,,,16.2,
"Philippines","PHL","Subnat","PHLr109","VI-Western Visayas",,,,,,,,31.9,,,,,27.7,,,,,39.3,,,,,33.9,,,,45.3,
"Philippines","PHL","Subnat","PHLr110","VII-Central Visayas",,,,,,,,45.2,,,,,51.7,,,,,46.3,,,,,43.8,,,,42.8,
"Philippines","PHL","Subnat","PHLr111","VIII-Eastern Visayas",,,,,,,,44.2,,,,,17.9,,,,,18.0,,,,,9.12,,,,5.68,
"Philippines","PHL","Subnat","PHLr113","X-Northern Mindanao",,,,,,,,100,,,,,32.0,,,,,32.8,,,,,41.8,,,,38.8,
"Philippines","PHL","Subnat","PHLr114","XI-Davao",,,,,,,,28.3,,,,,48.6,,,,,36.8,,,,,60.4,,,,55.7,
"Philippines","PHL","Subnat","PHLr115","XII-SOCCSKSARGEN",,,,,,,,22.3,,,,,32.4,,,,,25.3,,,,,49.3,,,,26.2,
"Philippines","PHL","Subnat","PHLr116","XIII-Caraga",,,,,,,,37.1,,,,,40.0,,,,,23.3,,,,,30.8,,,,30.3,
"Rwanda","RWA","Subnat","RWAr101","City of Kigali",,19.1,,,,,,,,100,,,,,84.6,,,,,77.5,,,,,74.2,,,
"Rwanda","RWA","Subnat","RWAr105","East",,1.13,,,,,,,,12.7,,,,,4.99,,,,,3.66,,,,,6.77,,,
"Rwanda","RWA","Subnat","RWAr104","North",,3.96,,,,,,,,13.6,,,,,9.40,,,,,5.91,,,,,10.4,,,
"Rwanda","RWA","Subnat","RWAr102","South",,2.91,,,,,,,,6.72,,,,,13.1,,,,,11.4,,,,,9.05,,,
"Rwanda","RWA","Subnat","RWAr103","West",,1.41,,,,,,,,13.6,,,,,8.02,,,,,4.60,,,,,12.8,,,
"Saint Lucia","LCA","Subnat","LCAr101","St Lucia total",,,,,,,,,,,,,,,,,,,,,,19.0,,,,,,
"Sao Tome & Principe","STP","Subnat","STPr101","Regiao Centro",,,,,,,,,,26.6,,,,,,,,,64.2,,,,,73.6,,,,
"Sao Tome & Principe","STP","Subnat","STPr104","Regiao do Principe",,,,,,,,,,36.6,,,,,,,,,9.40,,,,,32.3,,,,
"Sao Tome & Principe","STP","Subnat","STPr103","Regiao Norte",,,,,,,,,,11.3,,,,,,,,,27.6,,,,,52.7,,,,
"Sao Tome & Principe","STP","Subnat","STPr102","Regiao Sul",,,,,,,,,,56.3,,,,,,,,,44.2,,,,,60.6,,,,
"Saudi Arabia","SAU","Subnat","SAUr101","Center (Riadh, Qassim)",,,,,,,,,,,,,,,,,,,,,92.2,,,,,,,
"Saudi Arabia","SAU","Subnat","SAUr104","Eastern province",,,,,,,,,,,,,,,,,,,,,100,,,,,,,
"Saudi Arabia","SAU","Subnat","SAUr105","North (Northern Borders, Al Jawf, Hail)",,,,,,,,,,,,,,,,,,,,,100,,,,,,,
"Saudi Arabia","SAU","Subnat","SAUr103","South (Bahah, Jizan, Asir, Najran)",,,,,,,,,,,,,,,,,,,,,81.6,,,,,,,
"Saudi Arabia","SAU","Subnat","SAUr102","West (Makka, Madinah, Tabuk)",,,,,,,,,,,,,,,,,,,,,92.3,,,,,,,
"Senegal","SEN","Subnat","SENr101","Dakar",,97.6,,,,,94.6,,,,,,,,97.8,,,,,,97.1,97.3,,96.5,95.0,95.0,94.6,96.3
"Senegal","SEN","Subnat","SENr103","Diourbel",,20.9,,,,,27.0,,,,,,,,16.7,,,,,,15.5,19.1,,18.5,17.0,17.0,15.4,15.9
"Senegal","SEN","Subnat","SENr109","Fatick",,12.5,,,,,10.2,,,,,,,,14.1,,,,,,13.7,13.0,,14.9,16.9,16.9,17.7,15.8
"Senegal","SEN","Subnat","SENr106","Kaolack",,20.8,,,,,23.5,,,,,,,,23.7,,,,,,27.0,20.3,,25.9,28.4,28.4,27.6,14.3
"Senegal","SEN","Subnat","SENr110","Kolda",,15.8,,,,,9.15,,,,,,,,13.8,,,,,,18.5,21.3,,25.9,23.4,23.4,22.6,23.7
"Senegal","SEN","Subnat","SENr108","Louga",,17.2,,,,,13.9,,,,,,,,21.2,,,,,,19.9,19.5,,22.2,22.7,22.7,21.6,17.7
"Senegal","SEN","Subnat","SENr104","Saint Louis",,21.5,,,,,25.9,,,,,,,,28.1,,,,,,40.5,34.0,,38.9,33.8,33.8,37.7,26.1
"Senegal","SEN","Subnat","SENr105","Tambacounda",,16.2,,,,,16.8,,,,,,,,20.3,,,,,,24.3,25.9,,26.2,20.0,20.0,22.7,24.7
"Senegal","SEN","Subnat","SENr107","Thies",,33.7,,,,,32.0,,,,,,,,53.0,,,,,,47.0,40.5,,61.4,50.5,50.5,47.5,48.9
"Senegal","SEN","Subnat","SENr102","Ziguinchor",,35.0,,,,,45.5,,,,,,,,47.8,,,,,,50.8,40.6,,48.9,39.6,39.6,39.8,43.2
"Serbia","SRB","Subnat","SRBr101","Belgrade",,,,,,,,,,,,,,,77.5,,,,,80.0,,,,80.6,,,,
"Serbia","SRB","Subnat","SRBr104","South and East Serbia",,,,,,,,,,,,,,,47.8,,,,,48.8,,,,51.7,,,,
"Serbia","SRB","Subnat","SRBr103","Sumadija and West Serbia",,,,,,,,,,,,,,,45.0,,,,,43.7,,,,47.5,,,,
"Serbia","SRB","Subnat","SRBr102","Vojvodina",,,,,,,,,,,,,,,54.6,,,,,54.6,,,,59.1,,,,
"Sierra Leone","SLE","Subnat","SLEr109","Bo",,,,,,,,,,,,,,,,,,29.7,,,,,28.4,,,,37.2,
"Sierra Leone","SLE","Subnat","SLEr101","Bombali",,,,,,,,,,,,,,,,,,35.3,,,,,28.3,,,,32.6,
"Sierra Leone","SLE","Subnat","SLEr110","Bonthe",,,,,,,,,,,,,,,,,,20.6,,,,,16.6,,,,20.8,
"Sierra Leone","SLE","Subnat","SLEr106","Kailahun",,,,,,,,,,,,,,,,,,13.0,,,,,16.0,,,,32.2,
"Sierra Leone","SLE","Subnat","SLEr102","Kambia",,,,,,,,,,,,,,,,,,25.1,,,,,12.2,,,,29.1,
"Sierra Leone","SLE","Subnat","SLEr107","Kenema",,,,,,,,,,,,,,,,,,31.4,,,,,38.8,,,,45.8,
"Sierra Leone","SLE","Subnat","SLEr103","Koinadugu",,,,,,,,,,,,,,,,,,7.49,,,,,8.28,,,,19.5,
"Sierra Leone","SLE","Subnat","SLEr108","Kono",,,,,,,,,,,,,,,,,,22.9,,,,,25.4,,,,28.8,
"Sierra Leone","SLE","Subnat","SLEr111","Moyamba",,,,,,,,,,,,,,,,,,13.8,,,,,5.71,,,,7.22,
"Sierra Leone","SLE","Subnat","SLEr104","Port Loko",,,,,,,,,,,,,,,,,,10.4,,,,,14.1,,,,26.4,
"Sierra Leone","SLE","Subnat","SLEr112","Pujehun",,,,,,,,,,,,,,,,,,10.0,,,,,14.1,,,,8.59,
"Sierra Leone","SLE","Subnat","SLEr105","Tonkolili",,,,,,,,,,,,,,,,,,16.2,,,,,10.2,,,,21.2,
"Sierra Leone","SLE","Subnat","SLEr113","Western Rural",,,,,,,,,,,,,,,,,,51.5,,,,,53.3,,,,89.9,
"Sierra Leone","SLE","Subnat","SLEr114","Western Urban",,,,,,,,,,,,,,,,,,100,,,,,100,,,,100,
"Somalia","SOM","Subnat","SOMr102","Awdal",,,,,,,,,,,,,,,,40.0,,,,,49.1,,,,,,,
"Somalia","SOM","Subnat","SOMr109","Bakool",,,,,,,,,,,,,,,,15.3,,,,,,,,,,,,
"Somalia","SOM","Subnat","SOMr116","Banadir",,,,,,,,,,,,,,,,100,,,,,,,,,,,,
"Somalia","SOM","Subnat","SOMr108","Bari",,,,,,,,,,,,,,,,48.8,,,,,63.1,,,,,,,
"Somalia","SOM","Subnat","SOMr110","Bay",,,,,,,,,,,,,,,,24.2,,,,,,,,,,,,
"Somalia","SOM","Subnat","SOMr117","Galguduud",,,,,,,,,,,,,,,,8.49,,,,,,,,,,,,
"Somalia","SOM","Subnat","SOMr111","Gedo",,,,,,,,,,,,,,,,26.2,,,,,,,,,,,,
"Somalia","SOM","Subnat","SOMr113","Hiran",,,,,,,,,,,,,,,,14.4,,,,,,,,,,,,
"Somalia","SOM","Subnat","SOMr118","Lower Juba",,,,,,,,,,,,,,,,25.6,,,,,,,,,,,,
"Somalia","SOM","Subnat","SOMr115","Lower Shabelle",,,,,,,,,,,,,,,,17.6,,,,,,,,,,,,
"Somalia","SOM","Subnat","SOMr112","Middle Juba",,,,,,,,,,,,,,,,17.2,,,,,,,,,,,,
"Somalia","SOM","Subnat","SOMr114","Middle Shabelle",,,,,,,,,,,,,,,,18.0,,,,,,,,,,,,
"Somalia","SOM","Subnat","SOMr106","Mudug",,,,,,,,,,,,,,,,24.0,,,,,67.2,,,,,,,
"Somalia","SOM","Subnat","SOMr107","Nugal",,,,,,,,,,,,,,,,26.1,,,,,60.4,,,,,,,
"Somalia","SOM","Subnat","SOMr103","Sanaag",,,,,,,,,,,,,,,,20.4,,,,,20.9,,,,,,,
"Somalia","SOM","Subnat","SOMr104","Sool",,,,,,,,,,,,,,,,21.6,,,,,34.3,,,,,,,
"Somalia","SOM","Subnat","SOMr105","Togdhere",,,,,,,,,,,,,,,,21.6,,,,,40.3,,,,,,,
"Somalia","SOM","Subnat","SOMr101","W Galbeed",,,,,,,,,,,,,,,,74.7,,,,,69.6,,,,,,,
"South Africa","ZAF","Subnat","ZAFr102","Eastern Cape",,,,,,,,36.3,,,,,,,,,,,,,47.4,,,,,43.8,,
"South Africa","ZAF","Subnat","ZAFr104","Free State",,,,,,,,69.3,,,,,,,,,,,,,84.2,,,,,85.5,,
"South Africa","ZAF","Subnat","ZAFr107","Gauteng",,,,,,,,97.0,,,,,,,,,,,,,97.5,,,,,97.9,,
"South Africa","ZAF","Subnat","ZAFr105","KwaZulu Natal",,,,,,,,44.5,,,,,,,,,,,,,48.1,,,,,48.3,,
"South Africa","ZAF","Subnat","ZAFr108","Mpumalanga",,,,,,,,38.8,,,,,,,,,,,,,41.3,,,,,41.1,,
"South Africa","ZAF","Subnat","ZAFr106","North West",,,,,,,,37.3,,,,,,,,,,,,,44.2,,,,,43.1,,
"South Africa","ZAF","Subnat","ZAFr103","Northern Cape",,,,,,,,71.9,,,,,,,,,,,,,72.2,,,,,71.8,,
"South Africa","ZAF","Subnat","ZAFr109","Northern Province",,,,,,,,12.2,,,,,,,,,,,,,16.0,,,,,16.0,,
"South Africa","ZAF","Subnat","ZAFr101","Western Cape",,,,,,,,89.0,,,,,,,,,,,,,92.7,,,,,96.7,,
"South Sudan","SSD","Subnat","SSDr109","Central Equatoria",,,,,,,,,,,,,,,,,,39.6,,42.2,,,,,,,,
"South Sudan","SSD","Subnat","SSDr110","Eastern Equatoria",,,,,,,,,,,,,,,,,,13.8,,17.4,,,,,,,,
"South Sudan","SSD","Subnat","SSDr102","Jonglei",,,,,,,,,,,,,,,,,,19.3,,16.0,,,,,,,,
"South Sudan","SSD","Subnat","SSDr107","Lakes",,,,,,,,,,,,,,,,,,21.4,,23.2,,,,,,,,
"South Sudan","SSD","Subnat","SSDr105","Northern Bahr El Ghazal",,,,,,,,,,,,,,,,,,19.6,,18.5,,,,,,,,
"South Sudan","SSD","Subnat","SSDr103","Unity",,,,,,,,,,,,,,,,,,13.3,,14.4,,,,,,,,
"South Sudan","SSD","Subnat","SSDr101","Upper Nile",,,,,,,,,,,,,,,,,,30.7,,28.0,,,,,,,,
"South Sudan","SSD","Subnat","SSDr104","Warrap",,,,,,,,,,,,,,,,,,14.5,,14.6,,,,,,,,
"South Sudan","SSD","Subnat","SSDr106","Western Bahr El Ghazal",,,,,,,,,,,,,,,,,,41.3,,41.3,,,,,,,,
"South Sudan","SSD","Subnat","SSDr108","Western Equatoria",,,,,,,,,,,,,,,,,,44.7,,47.2,,,,,,,,
"Sudan","SDN","Subnat","SDNr105","Al Gedarif",,,,,,,,,,52.7,,,,,,,,28.1,,22.9,,,,24.2,,,,
"Sudan","SDN","Subnat","SDNr107","Al Gezira",,,,,,,,,,51.2,,,,,,,,19.0,,14.2,,,,13.4,,,,
"Sudan","SDN","Subnat","SDNr110","Blue Nile",,,,,,,,,,50.6,,,,,,,,24.0,,21.7,,,,18.4,,,,
"Sudan","SDN","Subnat","SDNr104","Kassala",,,,,,,,,,53.7,,,,,,,,26.1,,31.4,,,,30.3,,,,
"Sudan","SDN","Subnat","SDNr106","Khartoum",,,,,,,,,,51.7,,,,,,,,80.4,,82.2,,,,80.7,,,,
"Sudan","SDN","Subnat","SDNr102","Nahr El Nil",,,,,,,,,,48.5,,,,,,,,29.9,,16.5,,,,27.3,,,,
"Sudan","SDN","Subnat","SDNr113","North Darfur",,,,,,,,,,51.5,,,,,,,,16.6,,18.7,,,,12.7,,,,
"Sudan","SDN","Subnat","SDNr111","North Kordofan",,,,,,,,,,52.8,,,,,,,,19.1,,20.1,,,,25.4,,,,
"Sudan","SDN","Subnat","SDNr101","Northern",,,,,,,,,,50.3,,,,,,,,16.8,,23.9,,,,19.2,,,,
"Sudan","SDN","Subnat","SDNr103","Red Sea",,,,,,,,,,56.9,,,,,,,,39.5,,49.4,,,,65.3,,,,
"Sudan","SDN","Subnat","SDNr109","Sinnar",,,,,,,,,,51.3,,,,,,,,21.2,,17.0,,,,21.6,,,,
"Sudan","SDN","Subnat","SDNr115","South Darfur",,,,,,,,,,52.5,,,,,,,,21.0,,23.3,,,,24.8,,,,
"Sudan","SDN","Subnat","SDNr112","South Kordofan",,,,,,,,,,53.6,,,,,,,,24.3,,20.3,,,,21.1,,,,
"Sudan","SDN","Subnat","SDNr114","West Darfur",,,,,,,,,,54.8,,,,,,,,17.1,,15.6,,,,32.6,,,,
"Sudan","SDN","Subnat","SDNr108","White Nile",,,,,,,,,,51.9,,,,,,,,33.0,,37.0,,,,30.2,,,,
"Suriname","SUR","Subnat","SURr105","Brokopondo and Sipaliwini",,,,,,,,,,,,,,,,0.00,,,,0.00,,,,,,,,
"Suriname","SUR","Subnat","SURr104","Commewijne and Marowijne",,,,,,,,,,,,,,,,31.7,,,,29.9,,,,,,,,
"Suriname","SUR","Subnat","SURr103","Nickerie, Coronie and Saramacca",,,,,,,,,,,,,,,,24.1,,,,22.0,,,,,,,,
"Suriname","SUR","Subnat","SURr101","Paramaribo",,,,,,,,,,,,,,,,100,,,,100,,,,,,,,
"Suriname","SUR","Subnat","SURr102","Wanica and Para",,,,,,,,,,,,,,,,84.6,,,,83.2,,,,,,,,
"Syria","SYR","Subnat","SYRr111","Al Hasaka",,,,,,,,,,,,,,,,35.9,,,,,,,,,,,,
"Syria","SYR","Subnat","SYRr106","Al Latakia",,,,,,,,,,,,,,,,50.0,,,,,,,,,,,,
"Syria","SYR","Subnat","SYRr114","Al Qunitara - Quneitra",,,,,,,,,,,,,,,,0.00,,,,,,,,,,,,
"Syria","SYR","Subnat","SYRr109","Al Raka-Raqqa",,,,,,,,,,,,,,,,38.0,,,,,,,,,,,,
"Syria","SYR","Subnat","SYRr112","Al Swida - Sweida",,,,,,,,,,,,,,,,27.2,,,,,,,,,,,,
"Syria","SYR","Subnat","SYRr101","Damascus",,,,,,,,,,,,,,,,100,,,,,,,,,,,,
"Syria","SYR","Subnat","SYRr113","Daraa",,,,,,,,,,,,,,,,49.7,,,,,,,,,,,,
"Syria","SYR","Subnat","SYRr110","Der El Zour - Deir Ezzor",,,,,,,,,,,,,,,,43.0,,,,,,,,,,,,
"Syria","SYR","Subnat","SYRr107","Edlab Idleb",,,,,,,,,,,,,,,,30.9,,,,,,,,,,,,
"Syria","SYR","Subnat","SYRr108","Halab - Aleppo",,,,,,,,,,,,,,,,65.1,,,,,,,,,,,,
"Syria","SYR","Subnat","SYRr104","Hamaa",,,,,,,,,,,,,,,,36.0,,,,,,,,,,,,
"Syria","SYR","Subnat","SYRr103","Homs",,,,,,,,,,,,,,,,54.2,,,,,,,,,,,,
"Syria","SYR","Subnat","SYRr102","Rural Damascus",,,,,,,,,,,,,,,,54.0,,,,,,,,,,,,
"Syria","SYR","Subnat","SYRr105","Tartous",,,,,,,,,,,,,,,,28.2,,,,,,,,,,,,
"Tajikistan","TJK","Subnat","TJKr104","DRS",,,,,,,,,,8.51,,,,,14.6,,,,,,,12.5,,,,,13.0,
"Tajikistan","TJK","Subnat","TJKr101","Duchanbe",,,,,,,,,,100,,,,,100,,,,,,,100,,,,,100,
"Tajikistan","TJK","Subnat","TJKr105","GBAO",,,,,,,,,,16.3,,,,,13.8,,,,,,,14.1,,,,,13.7,
"Tajikistan","TJK","Subnat","TJKr102","Khatlon",,,,,,,,,,17.3,,,,,20.4,,,,,,,16.5,,,,,16.5,
"Tajikistan","TJK","Subnat","TJKr103","Sughd (formerly Leninabad)",,,,,,,,,,24.0,,,,,26.0,,,,,,,21.3,,,,,23.2,
"Tanzania","TZA","Subnat","TZAr202"," Arusha, Manyara",,27.6,,,,18.1,,,38.9,,,,,22.4,,,,,,19.9,,,,,21.7,,,
"Tanzania","TZA","Subnat","TZAr207"," Dar Es Salam",,86.1,,,,85.2,,,100,,,,,92.2,,,,,,91.2,,,,,100,,,
"Tanzania","TZA","Subnat","TZAr201"," Dodoma",,44.7,,,,14.7,,,11.4,,,,,12.6,,,,,,8.88,,,,,17.3,,,
"Tanzania","TZA","Subnat","TZAr211"," Iringa, Njombe",,6.09,,,,8.84,,,12.8,,,,,19.4,,,,,,20.5,,,,,29.5,,,
"Tanzania","TZA","Subnat","TZAr218"," Kagera",,2.49,,,,3.10,,,4.58,,,,,6.23,,,,,,6.66,,,,,9.75,,,
"Tanzania","TZA","Subnat","TZAr216"," Kigoma",,18.3,,,,15.5,,,8.86,,,,,13.0,,,,,,27.0,,,,,15.1,,,
"Tanzania","TZA","Subnat","TZAr203"," Kilimanjaro",,14.5,,,,13.9,,,13.0,,,,,21.0,,,,,,22.2,,,,,28.9,,,
"Tanzania","TZA","Subnat","TZAr208"," Lindi",,13.9,,,,21.2,,,16.8,,,,,17.9,,,,,,13.9,,,,,20.8,,,
"Tanzania","TZA","Subnat","TZAr220"," Mara",,14.3,,,,8.93,,,11.5,,,,,12.3,,,,,,13.4,,,,,21.8,,,
"Tanzania","TZA","Subnat","TZAr212"," Mbeya",,22.4,,,,29.9,,,28.4,,,,,18.0,,,,,,19.3,,,,,30.1,,,
"Tanzania","TZA","Subnat","TZAr205"," Morogoro",,26.1,,,,16.3,,,23.2,,,,,31.4,,,,,,29.1,,,,,29.6,,,
"Tanzania","TZA","Subnat","TZAr209"," Mtwara",,25.9,,,,15.4,,,28.5,,,,,21.6,,,,,,22.0,,,,,21.9,,,
"Tanzania","TZA","Subnat","TZAr219"," Mwanza, Geita",,25.2,,,,19.1,,,25.5,,,,,26.8,,,,,,24.1,,,,,33.5,,,
"Tanzania","TZA","Subnat","TZAr224"," Pemba North",,12.8,,,,14.4,,,24.4,,,,,20.3,,,,,,9.04,,,,,15.6,,,
"Tanzania","TZA","Subnat","TZAr225"," Pemba South",,9.88,,,,9.95,,,0.00,,,,,15.4,,,,,,27.0,,,,,23.6,,,
"Tanzania","TZA","Subnat","TZAr206"," Pwani",,17.4,,,,20.3,,,9.11,,,,,20.6,,,,,,31.4,,,,,33.1,,,
"Tanzania","TZA","Subnat","TZAr215"," Rukwa, Katavi",,11.0,,,,17.4,,,7.16,,,,,18.3,,,,,,14.6,,,,,22.4,,,
"Tanzania","TZA","Subnat","TZAr210"," Ruvuma",,14.1,,,,16.9,,,17.0,,,,,15.6,,,,,,14.2,,,,,27.8,,,
"Tanzania","TZA","Subnat","TZAr217"," Shinyanga, Simiyu",,7.15,,,,5.30,,,5.91,,,,,13.6,,,,,,11.8,,,,,10.8,,,
"Tanzania","TZA","Subnat","TZAr213"," Singida",,10.7,,,,7.61,,,3.95,,,,,14.0,,,,,,16.7,,,,,12.4,,,
"Tanzania","TZA","Subnat","TZAr214"," Tabora",,16.9,,,,25.8,,,19.1,,,,,12.8,,,,,,8.30,,,,,13.0,,,
"Tanzania","TZA","Subnat","TZAr204"," Tanga",,13.6,,,,14.3,,,7.73,,,,,22.2,,,,,,21.8,,,,,35.9,,,
"Tanzania","TZA","Subnat","TZAr221"," Zanzibar North",,26.3,,,,25.4,,,0.00,,,,,0.00,,,,,,0.00,,,,,7.46,,,
"Tanzania","TZA","Subnat","TZAr222"," Zanzibar South",,0.00,,,,0.00,,,0.00,,,,,4.89,,,,,,4.96,,,,,6.30,,,
"Tanzania","TZA","Subnat","TZAr223"," Zanzibar West",,80.5,,,,82.2,,,100,,,,,63.9,,,,,,84.4,,,,,51.3,,,
"Thailand","THA","Subnat","THAr101","Bangkok",,,,,,,,,,,,,,,,100,,,,,,100,,,,,100,
"Thailand","THA","Subnat","THAr102","Central",,,,,,,,,,,,,,,,21.6,,,,,,46.0,,,,,46.7,
"Thailand","THA","Subnat","THAr103","North",,,,,,,,,,,,,,,,19.3,,,,,,35.4,,,,,36.6,
"Thailand","THA","Subnat","THAr104","Northeast",,,,,,,,,,,,,,,,15.1,,,,,,28.5,,,,,30.1,
"Thailand","THA","Subnat","THAr105","South",,,,,,,,,,,,,,,,23.6,,,,,,31.3,,,,,35.5,
"Timor Leste","TLS","Subnat","TLSr101","Aileu",,,,,,,,,,,,,,,,,,,6.89,,,,,,,6.92,,
"Timor Leste","TLS","Subnat","TLSr102","Ainaro",,,,,,,,,,,,,,,,,,,17.1,,,,,,,11.1,,
"Timor Leste","TLS","Subnat","TLSr103","Baucau",,,,,,,,,,,,,,,,,,,5.25,,,,,,,13.5,,
"Timor Leste","TLS","Subnat","TLSr104","Bobonaro",,,,,,,,,,,,,,,,,,,9.36,,,,,,,13.4,,
"Timor Leste","TLS","Subnat","TLSr105","Cova Lima",,,,,,,,,,,,,,,,,,,17.1,,,,,,,10.8,,
"Timor Leste","TLS","Subnat","TLSr106","Dili",,,,,,,,,,,,,,,,,,,89.7,,,,,,,88.6,,
"Timor Leste","TLS","Subnat","TLSr107","Ermera",,,,,,,,,,,,,,,,,,,6.21,,,,,,,6.59,,
"Timor Leste","TLS","Subnat","TLSr109","Lautem",,,,,,,,,,,,,,,,,,,21.3,,,,,,,7.16,,
"Timor Leste","TLS","Subnat","TLSr108","Liquica",,,,,,,,,,,,,,,,,,,10.3,,,,,,,18.8,,
"Timor Leste","TLS","Subnat","TLSr111","Manatuto",,,,,,,,,,,,,,,,,,,2.54,,,,,,,12.7,,
"Timor Leste","TLS","Subnat","TLSr110","Manufahi",,,,,,,,,,,,,,,,,,,22.3,,,,,,,7.43,,
"Timor Leste","TLS","Subnat","TLSr112","Oecussi",,,,,,,,,,,,,,,,,,,16.5,,,,,,,17.7,,
"Timor Leste","TLS","Subnat","TLSr113","Viqueque",,,,,,,,,,,,,,,,,,,5.74,,,,,,,6.57,,
"Togo","TGO","Subnat","TGOr104","Centrale",,,,,,,,28.3,,,,,,,,26.2,,,,,,,,24.5,,,,
"Togo","TGO","Subnat","TGOr105","Kara",,,,,,,,27.0,,,,,,,,22.8,,,,,,,,22.8,,,,
"Togo","TGO","Subnat","TGOr101","Lome",,,,,,,,100,,,,,,,,100,,,,,,,,100,,,,
"Togo","TGO","Subnat","TGOr102","Maritime",,,,,,,,13.7,,,,,,,,33.0,,,,,,,,46.8,,,,
"Togo","TGO","Subnat","TGOr103","Plateaux",,,,,,,,17.1,,,,,,,,20.6,,,,,,,,16.4,,,,
"Togo","TGO","Subnat","TGOr106","Savanes",,,,,,,,12.0,,,,,,,,12.1,,,,,,,,15.4,,,,
"Trinidad & Tobago","TTO","Subnat","TTOr103","Central",,,,,,,,,,,,,,,,65.6,,,,,,,,,,,,
"Trinidad & Tobago","TTO","Subnat","TTOr102","East",,,,,,,,,,,,,,,,0.00,,,,,,,,,,,,
"Trinidad & Tobago","TTO","Subnat","TTOr101","North West",,,,,,,,,,,,,,,,49.2,,,,,,,,,,,,
"Trinidad & Tobago","TTO","Subnat","TTOr104","South West",,,,,,,,,,,,,,,,21.7,,,,,,,,,,,,
"Trinidad & Tobago","TTO","Subnat","TTOr105","Tobago",,,,,,,,,,,,,,,,0.00,,,,,,,,,,,,
"Tunisia","TUN","Subnat","TUNr105","Centre Est (Sousse, Monastir, Mahdia, Sfax)",,,,,,,,,,,,,,,,,,,,,,71.3,,,,,,65.9
"Tunisia","TUN","Subnat","TUNr104","Centre Ouest (Kairouan, Kasserine, Sidi Bouzid)",,,,,,,,,,,,,,,,,,,,,,34.2,,,,,,40.2
"Tunisia","TUN","Subnat","TUNr101","Grand Tunis (Tunis, Ariana, Ben Arous, Manouba)",,,,,,,,,,,,,,,,,,,,,,93.2,,,,,,93.4
"Tunisia","TUN","Subnat","TUNr102","Nord Est (Nabeul, Zaghouan, Bizerte)",,,,,,,,,,,,,,,,,,,,,,59.5,,,,,,64.2
"Tunisia","TUN","Subnat","TUNr103","Nord Ouest (Beja, Jendouba, Kef, Siliana)",,,,,,,,,,,,,,,,,,,,,,40.9,,,,,,49.2
"Tunisia","TUN","Subnat","TUNr107","Sud Est (Gabes, Medinine, Tataouine)",,,,,,,,,,,,,,,,,,,,,,66.4,,,,,,77.1
"Tunisia","TUN","Subnat","TUNr106","Sud Ouest (Gafsa, Tozeur, Kebili)",,,,,,,,,,,,,,,,,,,,,,65.6,,,,,,70.7
"Turkey","TUR","Subnat","TURr103","Aegean (Afyon, Aydin, Denizli, Izmir, Kutahya, Manisa, Mugla, Usak)",,,59.5,,,,,57.7,,,,,61.1,,,,,66.7,,,,,74.9,,,,,
"Turkey","TUR","Subnat","TURr107","Central Anatolia (Kayseri, Kirsehir, Nevsehir, Nigde, Sivas, Yozgat, Aksaray, Kirikkale)",,,38.6,,,,,34.8,,,,,57.5,,,,,62.8,,,,,70.0,,,,,
"Turkey","TUR","Subnat","TURr111","Central East Anatolia (Bingol, Bitlis, Elazig, Hakkari, Malatya, Mus, Tunceli, Van)",,,30.7,,,,,47.4,,,,,52.5,,,,,56.3,,,,,58.1,,,,,
"Turkey","TUR","Subnat","TURr109","East Black Sea (Artvin, Giresun, Gumushane, Ordu, Rize, Trabzon)",,,29.5,,,,,39.3,,,,,44.3,,,,,49.6,,,,,46.6,,,,,
"Turkey","TUR","Subnat","TURr104","East Marmara (Bilecik, Bolu, Bursa, Duzce, Eskisehir, Kocaeli, Sakarya, Yalova)",,,63.5,,,,,75.7,,,,,71.8,,,,,76.5,,,,,84.7,,,,,
"Turkey","TUR","Subnat","TURr101","Istanbul",,,97.7,,,,,97.8,,,,,98.0,,,,,98.8,,,,,99.2,,,,,
"Turkey","TUR","Subnat","TURr106","Mediterranean (Adana, Antalya, Burdur, Hatay, Isparta, Icel, K Maras, Osmaniye)",,,65.9,,,,,66.6,,,,,65.4,,,,,69.8,,,,,76.2,,,,,
"Turkey","TUR","Subnat","TURr110","North East Anatolia (Agri, Erzincan, Erzurum, Kars, Bayburt, Ardahan, Igdir)",,,19.6,,,,,37.2,,,,,44.9,,,,,49.6,,,,,45.5,,,,,
"Turkey","TUR","Subnat","TURr112","South East Anatolia (Adiyaman, Diyarbakir, Gaziantep, Mardin, Siirt, Sanliurfa, Batman, Sirnak, Kili",,,67.3,,,,,57.9,,,,,60.6,,,,,64.9,,,,,70.3,,,,,
"Turkey","TUR","Subnat","TURr105","West Anatolia (Ankara, Konya, Karaman)",,,75.1,,,,,78.9,,,,,81.4,,,,,86.4,,,,,91.8,,,,,
"Turkey","TUR","Subnat","TURr108","West Black Sea (Amasya, Cankiri, Corum, Kastamonu, Samsun, Sinop, Tokat, Zonguldak, Bartin, Karabuk)",,,39.6,,,,,46.5,,,,,46.6,,,,,52.2,,,,,59.5,,,,,
"Turkey","TUR","Subnat","TURr102","West Marmara (Balikesir, Canakkale, Edirne, Kirklareli, Tekirdag)",,,31.6,,,,,37.9,,,,,58.0,,,,,59.1,,,,,66.9,,,,,
"Turkmenistan","TKM","Subnat","TKMr102","Akhal",,,,,,,,,,,,,,,,29.2,,,,,,,,,25.5,,,
"Turkmenistan","TKM","Subnat","TKMr101","Ashgabat City",,,,,,,,,,,,,,,,100,,,,,,,,,100,,,
"Turkmenistan","TKM","Subnat","TKMr103","Balkan",,,,,,,,,,,,,,,,76.9,,,,,,,,,79.4,,,
"Turkmenistan","TKM","Subnat","TKMr104","Dashoguz",,,,,,,,,,,,,,,,23.3,,,,,,,,,24.8,,,
"Turkmenistan","TKM","Subnat","TKMr105","Lebap",,,,,,,,,,,,,,,,34.7,,,,,,,,,37.8,,,
"Turkmenistan","TKM","Subnat","TKMr106","Mary",,,,,,,,,,,,,,,,20.8,,,,,,,,,20.3,,,
"Uganda","UGA","Subnat","UGAr201"," Central (Central 1, Central 2, Kampala)",,,,,28.9,,,,,,28.4,,,,,,,,,,,,,,,,,
"Uganda","UGA","Subnat","UGAr202"," Eastern (Eastern, East Central)",,,,,7.67,,,,,,8.24,,,,,,,,,,,,,,,,,
"Uganda","UGA","Subnat","UGAr203"," Northern (North, Karamoja, West Nile)",,,,,6.12,,,,,,6.49,,,,,,,,,,,,,,,,,
"Uganda","UGA","Subnat","UGAr204"," Western (Western, Southwest)",,,,,4.42,,,,,,3.61,,,,,,,,,,,,,,,,,
"Uganda","UGA","Subnat","UGAr101","Central 1 (Central South)",,,,,,,,,,,,,,,,4.94,,,,,7.79,,,,,34.7,,
"Uganda","UGA","Subnat","UGAr102","Central 2 (Central North)",,,,,,,,,,,,,,,,8.96,,,,,16.6,,,,,24.9,,
"Uganda","UGA","Subnat","UGAr104","East Central (Busoga)",,,,,,,,,,,,,,,,7.20,,,,,12.2,,,,,12.4,,
"Uganda","UGA","Subnat","UGAr105","Eastern (Bukedi, Bugishu, Teso)",,,,,,,,,,,,,,,,5.29,,,,,7.05,,,,,13.0,,
"Uganda","UGA","Subnat","UGAr103","Kampala",,,,,,,,,,,,,,,,100,,,,,100,,,,,100,,
"Uganda","UGA","Subnat","UGAr106","North (Karamoja, Lango, Acholi)",,,,,,,,,,,,,,,,10.9,,,,,5.72,,,,,14.6,,
"Uganda","UGA","Subnat","UGAr109","Southwest (Ankole, Kigezi)",,,,,,,,,,,,,,,,7.12,,,,,3.77,,,,,22.1,,
"Uganda","UGA","Subnat","UGAr107","West Nile",,,,,,,,,,,,,,,,14.7,,,,,10.3,,,,,12.0,,
"Uganda","UGA","Subnat","UGAr108","Western (Bunyoro, Tooro)",,,,,,,,,,,,,,,,5.68,,,,,11.1,,,,,17.0,,
"Ukraine","UKR","Subnat","UKRr102","Central",,,,,,,,,,,,,,,55.5,,56.1,,,,,61.9,,,,,,
"Ukraine","UKR","Subnat","UKRr103","East",,,,,,,,,,,,,,,85.8,,85.1,,,,,89.1,,,,,,
"Ukraine","UKR","Subnat","UKRr101","North",,,,,,,,,,,,,,,72.6,,75.0,,,,,76.5,,,,,,
"Ukraine","UKR","Subnat","UKRr104","South",,,,,,,,,,,,,,,67.4,,67.8,,,,,71.8,,,,,,
"Ukraine","UKR","Subnat","UKRr105","West",,,,,,,,,,,,,,,46.6,,46.7,,,,,52.5,,,,,,
"Uruguay","URY","Subnat","URYr105","Centro (Durazno and Tacuarembo)",,,,,,,,,,,,,,,,,92.5,,,,,95.9,87.0,,,,,
"Uruguay","URY","Subnat","URYr106","Centro Sur (Flores, Florida and Lavalleja)",,,,,,,,,,,,,,,,,90.5,,,,,94.5,87.7,,,,,
"Uruguay","URY","Subnat","URYr103","Costa Este (Canelones, Maldonado and Rocha)",,,,,,,,,,,,,,,,,85.9,,,,,90.7,85.6,,,,,
"Uruguay","URY","Subnat","URYr107","Litoral Norte (Paysandu, Salto and Rio Negro)",,,,,,,,,,,,,,,,,96.6,,,,,93.1,90.7,,,,,
"Uruguay","URY","Subnat","URYr104","Litoral Sur (Soriano, Colonia and San Jose)",,,,,,,,,,,,,,,,,77.5,,,,,72.9,69.8,,,,,
"Uruguay","URY","Subnat","URYr101","Montevideo and Metropolitan area",,,,,,,,,,,,,,,,,94.8,,,,,95.3,100,,,,,
"Uruguay","URY","Subnat","URYr102","Norte (Artigas, Rivera, Cerro Largo and Trienta y Tres)",,,,,,,,,,,,,,,,,94.1,,,,,96.9,72.0,,,,,
"Uzbekistan","UZB","Subnat","UZBr102","Central (Navoi, Bukhara, Samarkand)",,,,,,36.6,,,,,,,,,,24.1,,,,,,,,,,,,
"Uzbekistan","UZB","Subnat","UZBr104","Central-East (Dzhizak, Syrdarya)",,,,,,22.9,,,,,,,,,,34.3,,,,,,,,,,,,
"Uzbekistan","UZB","Subnat","UZBr105","East (Namangan, Fergana, Andizhan)",,,,,,35.2,,,,,,,,,,25.8,,,,,,,,,,,,
"Uzbekistan","UZB","Subnat","UZBr103","South (Kashkadarya, Surkhandarya)",,,,,,23.2,,,,,,,,,,19.0,,,,,,,,,,,,
"Uzbekistan","UZB","Subnat","UZBr106","Tashkent",,,,,,69.6,,,,,,,,,,100,,,,,,,,,,,,
"Uzbekistan","UZB","Subnat","UZBr101","West (Karakalpakstan, Khorezm)",,,,,,41.6,,,,,,,,,,34.3,,,,,,,,,,,,
"Vanuatu","VUT","Subnat","VUTr108","Luganville",,,,,,,,,,,,,,,,,100,,,,,,,,,,,
"Vanuatu","VUT","Subnat","VUTr103","Malampa",,,,,,,,,,,,,,,,,0.00,,,,,,,,,,,
"Vanuatu","VUT","Subnat","VUTr104","Penama",,,,,,,,,,,,,,,,,0.00,,,,,,,,,,,
"Vanuatu","VUT","Subnat","VUTr107","Port Vila",,,,,,,,,,,,,,,,,100,,,,,,,,,,,
"Vanuatu","VUT","Subnat","VUTr105","Sanma",,,,,,,,,,,,,,,,,0.00,,,,,,,,,,,
"Vanuatu","VUT","Subnat","VUTr102","Shefa",,,,,,,,,,,,,,,,,0.00,,,,,,,,,,,
"Vanuatu","VUT","Subnat","VUTr101","Tafea",,,,,,,,,,,,,,,,,0.00,,,,,,,,,,,
"Vanuatu","VUT","Subnat","VUTr106","Torba",,,,,,,,,,,,,,,,,0.00,,,,,,,,,,,
"Venezuela","VEN","Subnat","VENr201"," Region Capital",,,,,,,,,,,,,,,,,,,,,,,92.4,,,,,
"Venezuela","VEN","Subnat","VENr206"," Region Central",,,,,,,,,,,,,,,,,,,,,,,100,,,,,
"Venezuela","VEN","Subnat","VENr203"," Region Centro-Occidental",,,,,,,,,,,,,,,,,,,,,,,77.2,,,,,
"Venezuela","VEN","Subnat","VENr207"," Region Guayana",,,,,,,,,,,,,,,,,,,,,,,100,,,,,
"Venezuela","VEN","Subnat","VENr208"," Region Los Andes",,,,,,,,,,,,,,,,,,,,,,,80.0,,,,,
"Venezuela","VEN","Subnat","VENr205"," Region Los Llanos",,,,,,,,,,,,,,,,,,,,,,,87.5,,,,,
"Venezuela","VEN","Subnat","VENr204"," Region Oriental",,,,,,,,,,,,,,,,,,,,,,,90.0,,,,,
"Venezuela","VEN","Subnat","VENr202"," Region Zuliana",,,,,,,,,,,,,,,,,,,,,,,99.3,,,,,
"Venezuela","VEN","Subnat","VENr110","Amacuros Delta Federal Territory",,,,,,,,,,,80.4,,,,,,,,,,,,,,,,,
"Venezuela","VEN","Subnat","VENr102","Amazonas Federal Territory",,,,,,,,,,,93.4,,,,,,,,,,,,,,,,,
"Venezuela","VEN","Subnat","VENr103","Anzoategui",,,,,,,,,,,90.6,,,,,,,,,,,,,,,,,
"Venezuela","VEN","Subnat","VENr104","Apure",,,,,,,,,,,65.3,,,,,,,,,,,,,,,,,
"Venezuela","VEN","Subnat","VENr105","Aragua",,,,,,,,,,,94.8,,,,,,,,,,,,,,,,,
"Venezuela","VEN","Subnat","VENr106","Barinas",,,,,,,,,,,68.8,,,,,,,,,,,,,,,,,
"Venezuela","VEN","Subnat","VENr107","Bolivar",,,,,,,,,,,92.1,,,,,,,,,,,,,,,,,
"Venezuela","VEN","Subnat","VENr108","Carabobo",,,,,,,,,,,98.5,,,,,,,,,,,,,,,,,
"Venezuela","VEN","Subnat","VENr109","Cojedes",,,,,,,,,,,80.9,,,,,,,,,,,,,,,,,
"Venezuela","VEN","Subnat","VENr111","Falcon",,,,,,,,,,,75.5,,,,,,,,,,,,,,,,,
"Venezuela","VEN","Subnat","VENr101","Federal District",,,,,,,,,,,100.0,,,,,,,,,,,,,,,,,
"Venezuela","VEN","Subnat","VENr112","Guarico",,,,,,,,,,,77.3,,,,,,,,,,,,,,,,,
"Venezuela","VEN","Subnat","VENr113","Lara",,,,,,,,,,,84.1,,,,,,,,,,,,,,,,,
"Venezuela","VEN","Subnat","VENr114","Merida",,,,,,,,,,,80.4,,,,,,,,,,,,,,,,,
"Venezuela","VEN","Subnat","VENr115","Miranda",,,,,,,,,,,96.2,,,,,,,,,,,,,,,,,
"Venezuela","VEN","Subnat","VENr116","Monagas",,,,,,,,,,,84.3,,,,,,,,,,,,,,,,,
"Venezuela","VEN","Subnat","VENr117","Nueva Esparta",,,,,,,,,,,96.1,,,,,,,,,,,,,,,,,
"Venezuela","VEN","Subnat","VENr118","Portuguesa",,,,,,,,,,,74.6,,,,,,,,,,,,,,,,,
"Venezuela","VEN","Subnat","VENr119","Sucre",,,,,,,,,,,80.2,,,,,,,,,,,,,,,,,
"Venezuela","VEN","Subnat","VENr120","Tachira",,,,,,,,,,,81.8,,,,,,,,,,,,,,,,,
"Venezuela","VEN","Subnat","VENr121","Trujillo",,,,,,,,,,,76.9,,,,,,,,,,,,,,,,,
"Venezuela","VEN","Subnat","VENr124","Vargas",,,,,,,,,,,91.0,,,,,,,,,,,,,,,,,
"Venezuela","VEN","Subnat","VENr122","Yaracuy",,,,,,,,,,,81.5,,,,,,,,,,,,,,,,,
"Venezuela","VEN","Subnat","VENr123","Zulia",,,,,,,,,,,92.4,,,,,,,,,,,,,,,,,
"Vietnam","VNM","Subnat","VNMr104","Central Highlands",,,,,,,22.9,,,,,19.1,,,,19.6,,,,26.9,,,,29.3,,,,
"Vietnam","VNM","Subnat","VNMr106","Mekong River Delta",,,,,,,16.6,,,,,17.2,,,,23.7,,,,23.9,,,,25.3,,,,
"Vietnam","VNM","Subnat","VNMr103","North Central Coast and South Central Coast",,,,,,,13.5,,,,,14.0,,,,20.4,,,,23.8,,,,27.8,,,,
"Vietnam","VNM","Subnat","VNMr102","North East, North West",,,,,,,9.13,,,,,9.35,,,,12.8,,,,14.4,,,,19.6,,,,
"Vietnam","VNM","Subnat","VNMr101","Red River Delta",,,,,,,16.3,,,,,20.2,,,,21.1,,,,32.4,,,,31.5,,,,
"Vietnam","VNM","Subnat","VNMr105","South East",,,,,,,40.1,,,,,38.3,,,,52.5,,,,56.7,,,,55.4,,,,
"Yemen","YEM","Subnat","YEMr102","Abyan, Aden (town and countryside), Lahej, Ad Dali (Al Dhalih)",37.3,,,,,,36.5,,,,,,,,,42.1,,,,,,,41.3,,,,,
"Yemen","YEM","Subnat","YEMr104","Beida (Al Bayda), Dhamar, Raimah",9.63,,,,,,21.2,,,,,,,,,10.8,,,,,,,18.7,,,,,
"Yemen","YEM","Subnat","YEMr107","Hajja, Sada, Amran (Omran)",6.20,,,,,,29.5,,,,,,,,,15.4,,,,,,,13.9,,,,,
"Yemen","YEM","Subnat","YEMr108","Hodeida (Al Hudaydah), Mahweit (Al Mahwit)",25.4,,,,,,10.4,,,,,,,,,30.6,,,,,,,29.4,,,,,
"Yemen","YEM","Subnat","YEMr101","Ibb",8.28,,,,,,11.3,,,,,,,,,18.9,,,,,,,19.7,,,,,
"Yemen","YEM","Subnat","YEMr106","Jawf, Hadramet, Shabda (Shabwah), Marib, Mohra (Al Mahrah)",24.0,,,,,,29.4,,,,,,,,,26.5,,,,,,,36.4,,,,,
"Yemen","YEM","Subnat","YEMr103","Sana a (capital; Al Amana), Sana a (governorate)",29.7,,,,,,42.7,,,,,,,,,72.0,,,,,,,64.3,,,,,
"Yemen","YEM","Subnat","YEMr105","Taiz",14.8,,,,,,16.3,,,,,,,,,29.5,,,,,,,22.5,,,,,
"Zambia","ZMB","Subnat","ZMBr101","Central",,,,,,33.2,,,,,,23.6,,,,,23.6,,,,,,,22.9,,,,27.6
"Zambia","ZMB","Subnat","ZMBr102","Copperbelt",,,,,,83.4,,,,,,79.0,,,,,79.6,,,,,,,80.2,,,,82.5
"Zambia","ZMB","Subnat","ZMBr103","Eastern",,,,,,9.45,,,,,,8.76,,,,,9.31,,,,,,,11.1,,,,10.1
"Zambia","ZMB","Subnat","ZMBr104","Luapula",,,,,,18.1,,,,,,16.5,,,,,14.6,,,,,,,19.6,,,,20.8
"Zambia","ZMB","Subnat","ZMBr105","Lusaka",,,,,,85.5,,,,,,82.4,,,,,82.8,,,,,,,86.3,,,,84.1
"Zambia","ZMB","Subnat","ZMBr107","North-Western",,,,,,17.8,,,,,,14.0,,,,,16.1,,,,,,,23.3,,,,20.9
"Zambia","ZMB","Subnat","ZMBr106","Northern",,,,,,13.1,,,,,,15.1,,,,,17.7,,,,,,,18.1,,,,17.5
"Zambia","ZMB","Subnat","ZMBr108","Southern",,,,,,20.5,,,,,,18.2,,,,,21.6,,,,,,,20.9,,,,28.7
"Zambia","ZMB","Subnat","ZMBr109","Western",,,,,,14.4,,,,,,8.75,,,,,11.2,,,,,,,17.3,,,,19.6
"Zimbabwe","ZWE","Subnat","ZWEr110","Bulawayo",,,,100,,,,,100,,,,,,,100,,,,,100,,,,100,,,
"Zimbabwe","ZWE","Subnat","ZWEr109","Harare",,,,100,,,,,100,,,,,,,100,,,,,100,,,,94.5,,,
"Zimbabwe","ZWE","Subnat","ZWEr101","Manicaland",,,,8.51,,,,,9.44,,,,,,,17.1,,,,,15.5,,,,12.9,,,
"Zimbabwe","ZWE","Subnat","ZWEr102","Mashonaland Central",,,,3.07,,,,,11.2,,,,,,,5.71,,,,,5.40,,,,5.94,,,
"Zimbabwe","ZWE","Subnat","ZWEr103","Mashonaland East",,,,3.40,,,,,6.90,,,,,,,10.6,,,,,9.65,,,,13.2,,,
"Zimbabwe","ZWE","Subnat","ZWEr104","Mashonaland West",,,,17.1,,,,,20.5,,,,,,,26.0,,,,,20.3,,,,26.5,,,
"Zimbabwe","ZWE","Subnat","ZWEr108","Masvingo",,,,4.66,,,,,9.87,,,,,,,7.14,,,,,5.56,,,,9.58,,,
"Zimbabwe","ZWE","Subnat","ZWEr105","Matebeleland North",,,,8.38,,,,,23.2,,,,,,,9.72,,,,,12.8,,,,8.81,,,
"Zimbabwe","ZWE","Subnat","ZWEr106","Matebeleland South",,,,1.47,,,,,7.67,,,,,,,14.5,,,,,10.2,,,,12.0,,,
"Zimbabwe","ZWE","Subnat","ZWEr107","Midlands",,,,17.3,,,,,24.1,,,,,,,24.9,,,,,23.9,,,,26.1,,,
